function cm_data=Blues_r(m)
cm = [0.0314    0.1882    0.4196
    0.0307    0.1925    0.4276
    0.0299    0.1967    0.4355
    0.0292    0.2010    0.4432
    0.0285    0.2052    0.4508
    0.0277    0.2094    0.4582
    0.0270    0.2135    0.4655
    0.0263    0.2177    0.4727
    0.0256    0.2219    0.4797
    0.0249    0.2260    0.4867
    0.0243    0.2301    0.4934
    0.0237    0.2342    0.5001
    0.0232    0.2384    0.5066
    0.0227    0.2424    0.5130
    0.0223    0.2465    0.5193
    0.0219    0.2506    0.5254
    0.0216    0.2546    0.5315
    0.0214    0.2587    0.5374
    0.0213    0.2627    0.5431
    0.0213    0.2667    0.5488
    0.0213    0.2707    0.5543
    0.0215    0.2747    0.5598
    0.0218    0.2787    0.5651
    0.0221    0.2827    0.5703
    0.0226    0.2867    0.5754
    0.0233    0.2906    0.5804
    0.0240    0.2946    0.5852
    0.0249    0.2985    0.5900
    0.0260    0.3025    0.5947
    0.0271    0.3064    0.5992
    0.0285    0.3103    0.6037
    0.0299    0.3142    0.6080
    0.0316    0.3181    0.6123
    0.0334    0.3220    0.6165
    0.0354    0.3259    0.6205
    0.0375    0.3298    0.6245
    0.0399    0.3337    0.6284
    0.0423    0.3376    0.6322
    0.0449    0.3415    0.6360
    0.0475    0.3454    0.6396
    0.0502    0.3493    0.6432
    0.0530    0.3532    0.6467
    0.0558    0.3571    0.6501
    0.0588    0.3610    0.6534
    0.0617    0.3649    0.6567
    0.0648    0.3688    0.6599
    0.0679    0.3727    0.6630
    0.0710    0.3766    0.6661
    0.0742    0.3805    0.6691
    0.0774    0.3844    0.6720
    0.0807    0.3883    0.6749
    0.0840    0.3922    0.6777
    0.0874    0.3962    0.6805
    0.0908    0.4001    0.6832
    0.0942    0.4040    0.6859
    0.0977    0.4080    0.6885
    0.1012    0.4120    0.6911
    0.1047    0.4159    0.6936
    0.1083    0.4199    0.6961
    0.1119    0.4239    0.6986
    0.1155    0.4280    0.7010
    0.1192    0.4320    0.7034
    0.1229    0.4360    0.7057
    0.1266    0.4401    0.7081
    0.1304    0.4442    0.7104
    0.1341    0.4482    0.7127
    0.1380    0.4524    0.7149
    0.1418    0.4565    0.7172
    0.1457    0.4606    0.7194
    0.1495    0.4648    0.7216
    0.1534    0.4689    0.7238
    0.1574    0.4731    0.7259
    0.1613    0.4772    0.7281
    0.1653    0.4814    0.7302
    0.1692    0.4855    0.7323
    0.1732    0.4897    0.7344
    0.1772    0.4939    0.7365
    0.1812    0.4980    0.7386
    0.1853    0.5022    0.7406
    0.1893    0.5063    0.7427
    0.1934    0.5105    0.7447
    0.1975    0.5146    0.7468
    0.2015    0.5187    0.7488
    0.2056    0.5228    0.7508
    0.2098    0.5269    0.7529
    0.2139    0.5310    0.7549
    0.2180    0.5350    0.7569
    0.2222    0.5390    0.7589
    0.2264    0.5430    0.7609
    0.2306    0.5470    0.7630
    0.2348    0.5510    0.7650
    0.2390    0.5549    0.7670
    0.2433    0.5588    0.7690
    0.2475    0.5626    0.7711
    0.2518    0.5664    0.7731
    0.2561    0.5702    0.7752
    0.2604    0.5739    0.7772
    0.2648    0.5776    0.7793
    0.2692    0.5813    0.7814
    0.2736    0.5849    0.7835
    0.2780    0.5885    0.7856
    0.2824    0.5921    0.7877
    0.2869    0.5956    0.7898
    0.2915    0.5991    0.7919
    0.2960    0.6026    0.7940
    0.3007    0.6061    0.7961
    0.3053    0.6095    0.7982
    0.3101    0.6129    0.8003
    0.3148    0.6163    0.8023
    0.3196    0.6197    0.8044
    0.3245    0.6231    0.8065
    0.3294    0.6265    0.8085
    0.3344    0.6298    0.8106
    0.3395    0.6332    0.8126
    0.3446    0.6365    0.8146
    0.3497    0.6399    0.8166
    0.3549    0.6432    0.8185
    0.3602    0.6465    0.8205
    0.3656    0.6499    0.8224
    0.3710    0.6533    0.8243
    0.3764    0.6566    0.8262
    0.3820    0.6600    0.8280
    0.3876    0.6634    0.8298
    0.3932    0.6668    0.8316
    0.3990    0.6702    0.8334
    0.4048    0.6736    0.8351
    0.4107    0.6771    0.8368
    0.4166    0.6806    0.8384
    0.4226    0.6841    0.8400
    0.4287    0.6877    0.8416
    0.4348    0.6912    0.8431
    0.4410    0.6948    0.8446
    0.4473    0.6984    0.8460
    0.4535    0.7020    0.8475
    0.4599    0.7057    0.8489
    0.4662    0.7093    0.8502
    0.4726    0.7129    0.8516
    0.4790    0.7166    0.8529
    0.4854    0.7202    0.8542
    0.4918    0.7239    0.8555
    0.4982    0.7275    0.8568
    0.5047    0.7312    0.8580
    0.5111    0.7348    0.8593
    0.5175    0.7384    0.8605
    0.5240    0.7419    0.8618
    0.5304    0.7455    0.8630
    0.5368    0.7490    0.8643
    0.5432    0.7525    0.8655
    0.5495    0.7560    0.8668
    0.5559    0.7594    0.8681
    0.5622    0.7628    0.8693
    0.5685    0.7662    0.8706
    0.5747    0.7695    0.8719
    0.5810    0.7728    0.8733
    0.5871    0.7760    0.8746
    0.5933    0.7791    0.8760
    0.5994    0.7822    0.8774
    0.6054    0.7852    0.8788
    0.6114    0.7882    0.8803
    0.6174    0.7911    0.8818
    0.6233    0.7939    0.8833
    0.6291    0.7967    0.8849
    0.6349    0.7993    0.8865
    0.6407    0.8020    0.8881
    0.6463    0.8045    0.8898
    0.6520    0.8070    0.8915
    0.6575    0.8094    0.8932
    0.6630    0.8118    0.8950
    0.6685    0.8141    0.8968
    0.6739    0.8163    0.8985
    0.6792    0.8186    0.9003
    0.6845    0.8207    0.9022
    0.6897    0.8228    0.9040
    0.6948    0.8249    0.9058
    0.6999    0.8269    0.9076
    0.7049    0.8289    0.9095
    0.7098    0.8309    0.9113
    0.7147    0.8329    0.9131
    0.7195    0.8348    0.9150
    0.7243    0.8367    0.9168
    0.7289    0.8385    0.9186
    0.7336    0.8404    0.9204
    0.7381    0.8422    0.9221
    0.7425    0.8440    0.9239
    0.7469    0.8458    0.9256
    0.7513    0.8476    0.9273
    0.7555    0.8494    0.9290
    0.7597    0.8512    0.9307
    0.7637    0.8530    0.9323
    0.7677    0.8548    0.9339
    0.7717    0.8566    0.9354
    0.7755    0.8584    0.9369
    0.7793    0.8602    0.9383
    0.7830    0.8620    0.9398
    0.7866    0.8639    0.9411
    0.7901    0.8657    0.9424
    0.7936    0.8676    0.9437
    0.7970    0.8695    0.9450
    0.8003    0.8714    0.9462
    0.8036    0.8733    0.9474
    0.8068    0.8752    0.9485
    0.8099    0.8771    0.9496
    0.8130    0.8791    0.9507
    0.8161    0.8810    0.9517
    0.8191    0.8830    0.9528
    0.8220    0.8850    0.9538
    0.8249    0.8869    0.9547
    0.8278    0.8889    0.9557
    0.8306    0.8909    0.9566
    0.8334    0.8929    0.9575
    0.8362    0.8949    0.9583
    0.8389    0.8969    0.9592
    0.8416    0.8989    0.9600
    0.8443    0.9009    0.9609
    0.8470    0.9030    0.9617
    0.8496    0.9050    0.9625
    0.8522    0.9070    0.9633
    0.8548    0.9091    0.9640
    0.8574    0.9111    0.9648
    0.8600    0.9131    0.9656
    0.8626    0.9152    0.9663
    0.8651    0.9172    0.9671
    0.8677    0.9193    0.9678
    0.8703    0.9213    0.9685
    0.8728    0.9234    0.9693
    0.8754    0.9254    0.9700
    0.8780    0.9275    0.9708
    0.8806    0.9295    0.9715
    0.8832    0.9315    0.9723
    0.8859    0.9336    0.9730
    0.8885    0.9356    0.9738
    0.8912    0.9376    0.9746
    0.8939    0.9397    0.9754
    0.8966    0.9417    0.9762
    0.8994    0.9437    0.9770
    0.9021    0.9457    0.9778
    0.9050    0.9478    0.9787
    0.9078    0.9498    0.9795
    0.9107    0.9518    0.9804
    0.9137    0.9538    0.9813
    0.9167    0.9557    0.9823
    0.9197    0.9577    0.9832
    0.9228    0.9597    0.9842
    0.9259    0.9617    0.9852
    0.9291    0.9636    0.9862
    0.9324    0.9656    0.9873
    0.9357    0.9675    0.9884
    0.9390    0.9694    0.9895
    0.9425    0.9713    0.9907
    0.9460    0.9732    0.9919
    0.9496    0.9751    0.9932
    0.9532    0.9770    0.9944
    0.9570    0.9788    0.9958
    0.9608    0.9807    0.9971
    0.9647    0.9825    0.9985
    0.9686    0.9843    1.0000];
