function cm_data=Blues(m)
cm = [0.968627450980392	0.984313725490196	1.00000000000000
0.964656366161119	0.982499525237751	0.998545304647616
0.960768327516364	0.980670003315503	0.997135974026422
0.956960891280014	0.978825749020644	0.995770494154677
0.953231600456055	0.976967341297978	0.994447353714228
0.949577985409927	0.975095349343477	0.993165044040308
0.945997564470279	0.973210333185329	0.991922059111163
0.942487844538471	0.971312844242988	0.990716895537482
0.939046321703205	0.969403425864681	0.989548052551614
0.935670481857639	0.967482613843801	0.988414031996564
0.932357801316423	0.965550936914564	0.987313338314749
0.929105747430078	0.963608917227277	0.986244478536537
0.925911779194224	0.961657070803510	0.985205962268562
0.922773347851202	0.959695907971452	0.984196301681833
0.919687897481684	0.957725933781674	0.983214011499660
0.916652865583961	0.955747648403517	0.982257608985424
0.913665683638631	0.953761547502259	0.981325613930219
0.910723777656530	0.951768122597218	0.980416548640406
0.907824568707776	0.949767861400892	0.979528937925110
0.904965473429924	0.947761248139238	0.978661309083730
0.902143904513284	0.945748763853134	0.977812191893476
0.899357271161537	0.943730886681083	0.976980118597019
0.896602979525875	0.941708092123151	0.976163623890293
0.893878433110961	0.939680853286152	0.975361244910511
0.891181033151087	0.937649641110048	0.974571521224459
0.888508178954974	0.935614924575505	0.973792994817137
0.885857268217720	0.933577170892564	0.973024210080804
0.883225697298487	0.931536845670329	0.972263713804511
0.880610861462541	0.929494413067582	0.971510055164173
0.878010155086332	0.927450335924221	0.970761785713269
0.875420971824320	0.925405075873391	0.970017459374241
0.872840704736305	0.923359093434180	0.969275632430646
0.870266746374026	0.921312848084730	0.968534863520169
0.867696488825788	0.919266798315625	0.967793713628537
0.865127323717928	0.917221401663383	0.967050746084439
0.862556642171834	0.915177114723890	0.966304526555497
0.859981834715296	0.913134393145617	0.965553623045393
0.857400291146852	0.911093691602437	0.964796605892196
0.854809400351769	0.909055463745881	0.964032047767986
0.852206550068228	0.907020162136649	0.963258523679831
0.849589126602192	0.904988238155225	0.962474610972198
0.846954514489299	0.902960141891409	0.961678889330858
0.844300096102042	0.900936322012632	0.960869940788368
0.841623251200315	0.898917225610885	0.960046349731179
0.838921356423237	0.896903298028132	0.959206702908447
0.836191784719984	0.894894982660067	0.958349589442614
0.833431904717123	0.892892720738121	0.957473600841808
0.830639080019705	0.890896951089589	0.956577331014131
0.827810668443071	0.888908109875828	0.955659376283892
0.824944021172025	0.886926630308433	0.954718335409832
0.822036481843692	0.884952942343380	0.953752809605421
0.819085385549926	0.882987472353099	0.952761402561232
0.816088057754771	0.881030642776491	0.951742720469491
0.813041813121922	0.879082871746941	0.950695372050814
0.809943954246637	0.877144572698376	0.949617968583193
0.806791770285916	0.875216153949481	0.948509123933262
0.803582535480085	0.873298018266213	0.947367454589891
0.800313507558219	0.871390562402764	0.946191579700133
0.796981926018930	0.869494176621211	0.944980121107573
0.793585010277163	0.867609244190085	0.943731703393084
0.790119957666594	0.865736140862152	0.942444953918047
0.786583941286024	0.863875234331758	0.941118502870038
0.782974107676910	0.862026883672100	0.939750983311000
0.779287574317653	0.860191438752865	0.938341031227942
0.775521437513954	0.858369231044231	0.936887296265345
0.771674042534132	0.856559543117303	0.935389722575388
0.767746200036769	0.854759638272346	0.933850761587781
0.763738989705984	0.852966555242125	0.932273147685821
0.759653475759783	0.851177341519619	0.930659609766683
0.755490708076594	0.849389054289452	0.929012871263789
0.751251723183080	0.847598761317191	0.927335650140094
0.746937545101307	0.845803541796687	0.925630658852515
0.742549186052760	0.844000487155773	0.923900604287700
0.738087647015937	0.842186701820809	0.922148187669265
0.733553918133640	0.840359303940739	0.920376104436625
0.728948978965278	0.838515426071433	0.918587044095523
0.724273798578792	0.836652215821235	0.916783690040333
0.719529335475957	0.834766836458754	0.914968719348237
0.714716537344008	0.832856467484021	0.913144802545384
0.709836340625586	0.830918305164242	0.911314603345140
0.704889669898060	0.828949563035433	0.909480778358609
0.699877437052248	0.826947472371326	0.907645976777612
0.694800540259410	0.824909282620945	0.905812840030381
0.689659862714222	0.822832261816338	0.903984001410300
0.684456271140116	0.820713696951963	0.902162085678078
0.679190614041969	0.818550894337257	0.900349708637842
0.673863719689581	0.816341179923952	0.898549476687731
0.668476393813694	0.814081899609690	0.896763986345683
0.663029416994505	0.811770419519517	0.894995823751218
0.657523541720549	0.809404126266814	0.893247564144149
0.651959489093667	0.806980427195234	0.891521771321310
0.646337945153270	0.804496750603197	0.889820997072512
0.640659556790418	0.801950545952455	0.888147780597105
0.634924927219209	0.799339284062272	0.886504647902709
0.629134610969575	0.796660457290672	0.884894111187807
0.623289108361849	0.793911579704250	0.883318668210122
0.617388879286082	0.791090239011841	0.881780756240027
0.611435224843786	0.788196386469877	0.880280742669287
0.605430675853819	0.785233226490439	0.878816140588170
0.599377862709159	0.782204191544223	0.877384259787470
0.593279429802693	0.779112701601160	0.875982418091179
0.587138041387613	0.775962163617503	0.874607942211101
0.580956387643644	0.772755971037208	0.873258168543346
0.574737190969245	0.769497503308337	0.871930443906491
0.568483212520271	0.766190125415206	0.870622126221419
0.562197259015794	0.762837187427128	0.869330585133107
0.555882189831896	0.759442024064613	0.868053202574861
0.549540924404180	0.756007954284003	0.866787373275675
0.543176449959567	0.752538280881549	0.865530505211602
0.536791829597367	0.749036290118039	0.864280020002165
0.530390210738816	0.745505251365140	0.863033353252990
0.523974833963011	0.741948416774684	0.861787954845961
0.517549042245339	0.738369020972240	0.860541289178307
0.511116290612166	0.734770280776326	0.859290835352097
0.504680156222258	0.731155394944740	0.858034087315719
0.498244348881387	0.727527543949546	0.856768553958927
0.491812721991240	0.723889889782302	0.855491759163103
0.485389283927304	0.720245575791223	0.854201241808384
0.478978209832226	0.716597726552001	0.852894555739298
0.472583853801274	0.712949447774099	0.851569269690545
0.466210761424560	0.709303826244372	0.850222967174525
0.459863682636228	0.705663929809941	0.848853246332165
0.453547584803721	0.702032807402281	0.847457719748551
0.447267665970026	0.698413489104529	0.846034014234782
0.441029368138101	0.694808986264064	0.844579770577389
0.434838390459378	0.691222291652411	0.843092643256570
0.428700702156676	0.687656379674580	0.841570300134371
0.422622554976203	0.684114206629886	0.840010422113821
0.416610343393962	0.680598601719953	0.838410787053100
0.410667232125400	0.677109867014220	0.836771120415556
0.404792951742265	0.673645796156316	0.835093081495840
0.398987042246462	0.670204086821439	0.833378403635169
0.393249000802753	0.666782449924809	0.831628810139034
0.387578279606651	0.663378609367258	0.829846014569787
0.381974283592878	0.659990301787227	0.828031721012366
0.376436367973466	0.656615276319886	0.826187624314085
0.370963835593805	0.653251294364126	0.824315410299326
0.365555934093915	0.649896129358089	0.822416755959925
0.360211852861192	0.646547566563923	0.820493329621962
0.354930719759619	0.643203402862413	0.818546791089605
0.349711597619074	0.639861446558105	0.816578791766642
0.344553480466777	0.636519517195540	0.814590974756234
0.339455289481098	0.633175445387172	0.812584974939438
0.334415868645877	0.629827072653530	0.810562419032982
0.329433980080958	0.626472251276162	0.808524925626754
0.324508299021879	0.623108844163885	0.806474105201439
0.319637408418360	0.619734724732822	0.804411560126744
