function cm_data=Greys(m)
cm = [0.999999999999999	1.00000000000000	0.999999999999999
0.998921286769884	0.998921286712843	0.998921286900039
0.997783943144798	0.997783943036194	0.997783943392610
0.996588863839843	0.996588863684974	0.996588864193220
0.995336944779459	0.995336944583446	0.995336945226716
0.994029083008960	0.994029082776746	0.994029083538822
0.992666176607413	0.992666176343759	0.992666177209011
0.991249124601821	0.991249124311311	0.991249125264697
0.989778826882607	0.989778826569647	0.989778827596711
0.988256184120364	0.988256183789178	0.988256184876055
0.986682097683854	0.986682097338488	0.986682098471901
0.985057469559243	0.985057469203563	0.985057470370823
0.983383202270546	0.983383201908239	0.983383203097248
0.981660198801270	0.981660198435844	0.981660199635090
0.979889362517237	0.979889362152019	0.979889363350581
0.978071597090570	0.978071596728708	0.978071597916254
0.976207806424833	0.976207806069298	0.976207807236083
0.974298894581304	0.974298894234886	0.974298895371754
0.972345765706378	0.972345765371685	0.972345766470070
0.970349323960069	0.970349323639535	0.970349324691455
0.968310473445630	0.968310473141507	0.968310474139570
0.966230118140252	0.966230117854614	0.966230118792012
0.964109161826845	0.964109161561588	0.964109162432101
0.961948508026897	0.961948507783739	0.961948508581730
0.959749059934391	0.959749059714870	0.959749060435289
0.957511720350781	0.957511720156259	0.957511720794639
0.955237391621019	0.955237391452679	0.955237392005135
0.952926975570625	0.952926975429474	0.952926975892703
0.950581373443796	0.950581373330662	0.950581373701943
0.948201485842549	0.948201485758085	0.948201486035278
0.945788212666899	0.945788212611581	0.945788212793124
0.943342453056060	0.943342453030188	0.943342453115096
0.940865105330672	0.940865105334370	0.940865105322237
0.938357066936053	0.938357066969269	0.938357066860263
0.935819234386472	0.935819234448980	0.935819234243845
0.933252503210448	0.933252503301847	0.933252503001900
0.930657767897066	0.930657768016779	0.930657767623909
0.928035921843315	0.928035921990594	0.928035921507259
0.925387857302462	0.925387857476383	0.925387856905613
0.922714465333434	0.922714465532902	0.922714464878293
0.920016635751249	0.920016635974996	0.920016635240712
0.917295257078466	0.917295257325050	0.917295256515819
0.914551216497678	0.914551216765486	0.914551215886600
0.911785399805041	0.911785400092291	0.911785399149604
0.908998691364862	0.908998691669598	0.908998690669525
0.906191974065222	0.906191974385319	0.906191973334834
0.903366129274670	0.903366129607834	0.903366128514468
0.900522036799984	0.900522037143750	0.900522036015590
0.897660574844994	0.897660575196729	0.897660574042415
0.894782619970497	0.894782620327400	0.894782619156127
0.891889047055262	0.891889047414363	0.891889046235875
0.888980729258126	0.888980729616289	0.888980728440880
0.886058537981212	0.886058538335134	0.886058537173645
0.883123342834259	0.883123343180469	0.883123342044288
0.880176011600084	0.880176011934947	0.880176010836004
0.877217410201190	0.877217410520905	0.877217409471675
0.874248402667529	0.874248402968130	0.874248401981628
0.871269851105430	0.871269851382787	0.871269850472566
0.868282615667712	0.868282615917531	0.868282615097682
0.865287554524988	0.865287554742812	0.865287554027963
0.862285523838185	0.862285524019395	0.862285523424705
0.859277377732280	0.859277377872094	0.859277377413257
0.856263968271285	0.856263968364759	0.856263968057998
0.853246145434477	0.853246145476508	0.853246145338575
0.850224748967820	0.850224748953142	0.850224749001309
0.847199633910803	0.847199633834322	0.847199634085314
0.844168748746685	0.844168748604099	0.844168749072033
0.841129828674709	0.841129828462580	0.841129829158738
0.838080615238784	0.838080614954538	0.838080615887369
0.835018856417833	0.835018856059755	0.835018857234885
0.831942306728899	0.831942306296134	0.831942307716372
0.828848727343192	0.828848726835738	0.828848728501084
0.825735886215279	0.825735885633992	0.825735887541642
0.822601558225631	0.822601557572215	0.822601559716573
0.819443525336733	0.819443524613745	0.819443526986424
0.816259576762992	0.816259575973834	0.816259578563668
0.813047509154670	0.813047508303589	0.813047511096642
0.809805126796097	0.809805125888181	0.809805128867753
0.806530241818419	0.806530240859596	0.806530244006232
0.803220674427156	0.803220673424191	0.803220676715691
0.799874253144856	0.799874252105346	0.799874255516776
0.796488815069145	0.796488814001520	0.796488817505219
0.793062206146501	0.793062205060017	0.793062208625606
0.789592281462074	0.789592280366812	0.789592283961210
0.786076905545923	0.786076904452783	0.786076908040215
0.782513952696036	0.782513951616737	0.782513955158748
0.778901307318542	0.778901306265614	0.778901309721079
0.775236864285520	0.775236863272305	0.775236866597443
0.771518529310880	0.771518528351522	0.771518531499912
0.767744219344757	0.767744218454203	0.767744221376797
0.763911862986958	0.763911862180948	0.763911864826087
0.760019400919962	0.760019400215028	0.760019402528459
0.756064786362072	0.756064785775532	0.756064787700423
0.752045985541306	0.752045985091255	0.752045986568216
0.747960978190666	0.747960977895978	0.747960978863076
0.743807758065491	0.743807757945803	0.743807758338589
0.739584381327458	0.739584381403137	0.739584381154776
0.735291083859477	0.735291084150013	0.735291083196538
0.730931107946970	0.730931108468775	0.730931106756329
0.726507909085728	0.726507909851980	0.726507907337316
0.722024933644615	0.722024934665273	0.722024931315708
0.717485618278434	0.717485619560252	0.717485615353621
0.712893389356687	0.712893390903226	0.712893385827839
0.708251662408336	0.708251664219984	0.708251658274572
0.703563841582722	0.703563843656704	0.703563836850370
0.698833319126795	0.698833321457194	0.698833313809358
0.694063474878888	0.694063477456659	0.694063468997004
0.689257675779259	0.689257678592249	0.689257669360662
0.684419275397677	0.684419278430639	0.684419268477155
0.679551613478360	0.679551616712973	0.679551606097715
0.674658015502600	0.674658018917490	0.674658007710604
0.669741792269452	0.669741795840208	0.669741784121807
0.664806239494881	0.664806243194076	0.664806231054170
0.659854637429814	0.659854641227022	0.659854628765461
0.654890250497562	0.654890254359379	0.654890241685784
0.649916326951116	0.649916330841181	0.649916318074881
0.644936098550859	0.644936102429873	0.644936089699839
0.639952780263259	0.639952784089005	0.639952771533785
0.634969569981154	0.634969573708517	0.634969561476169
0.629989648266256	0.629989651847241	0.629989640095273
0.625016178114555	0.625016181498307	0.625016170393610
0.620052304745317	0.620052307878144	0.620052297596925
0.615101155414423	0.615101158239812	0.615101148967535
0.610165839252802	0.610165841711437	0.610165833642762
0.605249447130762	0.605249449160544	0.605249442499266
0.600355051549053	0.600355053085119	0.600355048044105
0.595485706557509	0.595485707532245	0.595485704333384
0.590644447702155	0.590644448045219	0.590644446919361
0.585834227687683	0.585834227326315	0.585834228512240
0.581056504072236	0.581056502938163	0.581056506659929
0.576311250349040	0.576311248385323	0.576311254829792
0.571598375574588	0.571598372735853	0.571598382051927
0.566917788780094	0.566917785032468	0.566917797331314
0.562269398972708	0.562269394293747	0.562269409649020
0.557653115136748	0.557653109515371	0.557653127963438
0.553068846234977	0.553068839671397	0.553068861211560
0.548516501209910	0.548516493715564	0.548516518310283
0.543995988985152	0.543995980582639	0.543996008157752
0.539507218466781	0.539507209189791	0.539507239634738
0.535050098544762	0.535050088438010	0.535050121606048
0.530624538094397	0.530624527213551	0.530624562921984
0.526230445977811	0.526230434389435	0.526230472419822
0.521867731045487	0.521867718826964	0.521867758925347
0.517536302137827	0.517536289377300	0.517536331254417
0.513236068086761	0.513236054883062	0.513236098214566
0.508966937717395	0.508966924179982	0.508966968606657
0.504728819849699	0.504728806098590	0.504728851226567
