function cm_data=GyBu(m)
cm = [0.1020    0.1020    0.1020
    0.1100    0.1100    0.1100
    0.1180    0.1180    0.1180
    0.1260    0.1260    0.1260
    0.1340    0.1340    0.1340
    0.1420    0.1420    0.1420
    0.1500    0.1500    0.1500
    0.1580    0.1580    0.1580
    0.1660    0.1660    0.1660
    0.1740    0.1740    0.1740
    0.1820    0.1820    0.1820
    0.1900    0.1900    0.1900
    0.1980    0.1980    0.1980
    0.2060    0.2060    0.2060
    0.2140    0.2140    0.2140
    0.2220    0.2220    0.2220
    0.2300    0.2300    0.2300
    0.2380    0.2380    0.2380
    0.2460    0.2460    0.2460
    0.2540    0.2540    0.2540
    0.2620    0.2620    0.2620
    0.2700    0.2700    0.2700
    0.2780    0.2780    0.2780
    0.2860    0.2860    0.2860
    0.2940    0.2940    0.2940
    0.3020    0.3020    0.3020
    0.3065    0.3065    0.3065
    0.3156    0.3156    0.3156
    0.3247    0.3247    0.3247
    0.3338    0.3338    0.3338
    0.3429    0.3429    0.3429
    0.3520    0.3520    0.3520
    0.3611    0.3611    0.3611
    0.3702    0.3702    0.3702
    0.3793    0.3793    0.3793
    0.3884    0.3884    0.3884
    0.3975    0.3975    0.3975
    0.4066    0.4066    0.4066
    0.4157    0.4157    0.4157
    0.4248    0.4248    0.4248
    0.4339    0.4339    0.4339
    0.4430    0.4430    0.4430
    0.4521    0.4521    0.4521
    0.4612    0.4612    0.4612
    0.4703    0.4703    0.4703
    0.4794    0.4794    0.4794
    0.4885    0.4885    0.4885
    0.4976    0.4976    0.4976
    0.5067    0.5067    0.5067
    0.5158    0.5158    0.5158
    0.5249    0.5249    0.5249
    0.5294    0.5294    0.5294
    0.5374    0.5374    0.5374
    0.5454    0.5454    0.5454
    0.5534    0.5534    0.5534
    0.5614    0.5614    0.5614
    0.5694    0.5694    0.5694
    0.5774    0.5774    0.5774
    0.5854    0.5854    0.5854
    0.5934    0.5934    0.5934
    0.6014    0.6014    0.6014
    0.6094    0.6094    0.6094
    0.6174    0.6174    0.6174
    0.6254    0.6254    0.6254
    0.6334    0.6334    0.6334
    0.6414    0.6414    0.6414
    0.6494    0.6494    0.6494
    0.6574    0.6574    0.6574
    0.6654    0.6654    0.6654
    0.6734    0.6734    0.6734
    0.6814    0.6814    0.6814
    0.6894    0.6894    0.6894
    0.6974    0.6974    0.6974
    0.7054    0.7054    0.7054
    0.7134    0.7134    0.7134
    0.7214    0.7214    0.7214
    0.7294    0.7294    0.7294
    0.7324    0.7324    0.7324
    0.7384    0.7384    0.7384
    0.7443    0.7443    0.7443
    0.7503    0.7503    0.7503
    0.7562    0.7562    0.7562
    0.7622    0.7622    0.7622
    0.7682    0.7682    0.7682
    0.7741    0.7741    0.7741
    0.7801    0.7801    0.7801
    0.7860    0.7860    0.7860
    0.7920    0.7920    0.7920
    0.7980    0.7980    0.7980
    0.8039    0.8039    0.8039
    0.8099    0.8099    0.8099
    0.8158    0.8158    0.8158
    0.8218    0.8218    0.8218
    0.8278    0.8278    0.8278
    0.8337    0.8337    0.8337
    0.8397    0.8397    0.8397
    0.8456    0.8456    0.8456
    0.8516    0.8516    0.8516
    0.8576    0.8576    0.8576
    0.8635    0.8635    0.8635
    0.8695    0.8695    0.8695
    0.8755    0.8755    0.8755
    0.8784    0.8784    0.8784
    0.8833    0.8833    0.8833
    0.8882    0.8882    0.8882
    0.8930    0.8930    0.8930
    0.8979    0.8979    0.8979
    0.9027    0.9027    0.9027
    0.9076    0.9076    0.9076
    0.9125    0.9125    0.9125
    0.9173    0.9173    0.9173
    0.9222    0.9222    0.9222
    0.9271    0.9271    0.9271
    0.9319    0.9319    0.9319
    0.9368    0.9368    0.9368
    0.9416    0.9416    0.9416
    0.9465    0.9465    0.9465
    0.9514    0.9514    0.9514
    0.9562    0.9562    0.9562
    0.9611    0.9611    0.9611
    0.9660    0.9660    0.9660
    0.9708    0.9708    0.9708
    0.9757    0.9757    0.9757
    0.9805    0.9805    0.9805
    0.9854    0.9854    0.9854
    0.9903    0.9903    0.9903
    0.9951    0.9951    0.9951
    1.0000    1.0000    1.0000
    1.0000    1.0000    1.0000
    0.9964    0.9980    0.9988
    0.9892    0.9939    0.9965
    0.9820    0.9898    0.9941
    0.9747    0.9857    0.9918
    0.9675    0.9816    0.9894
    0.9603    0.9776    0.9871
    0.9531    0.9735    0.9847
    0.9459    0.9694    0.9824
    0.9387    0.9653    0.9800
    0.9315    0.9613    0.9776
    0.9242    0.9572    0.9753
    0.9170    0.9531    0.9729
    0.9098    0.9490    0.9706
    0.9026    0.9449    0.9682
    0.8954    0.9409    0.9659
    0.8882    0.9368    0.9635
    0.8809    0.9327    0.9612
    0.8737    0.9286    0.9588
    0.8665    0.9245    0.9565
    0.8593    0.9205    0.9541
    0.8521    0.9164    0.9518
    0.8449    0.9123    0.9494
    0.8376    0.9082    0.9471
    0.8304    0.9042    0.9447
    0.8232    0.9001    0.9424
    0.8196    0.8980    0.9412
    0.8097    0.8930    0.9384
    0.7998    0.8880    0.9355
    0.7900    0.8830    0.9327
    0.7801    0.8780    0.9299
    0.7702    0.8729    0.9271
    0.7603    0.8679    0.9242
    0.7504    0.8629    0.9214
    0.7405    0.8579    0.9186
    0.7307    0.8529    0.9158
    0.7208    0.8478    0.9129
    0.7109    0.8428    0.9101
    0.7010    0.8378    0.9073
    0.6911    0.8328    0.9045
    0.6813    0.8278    0.9016
    0.6714    0.8227    0.8988
    0.6615    0.8177    0.8960
    0.6516    0.8127    0.8932
    0.6417    0.8077    0.8904
    0.6318    0.8027    0.8875
    0.6220    0.7976    0.8847
    0.6121    0.7926    0.8819
    0.6022    0.7876    0.8791
    0.5923    0.7826    0.8762
    0.5824    0.7776    0.8734
    0.5725    0.7725    0.8706
    0.5664    0.7686    0.8685
    0.5540    0.7608    0.8642
    0.5416    0.7529    0.8600
    0.5292    0.7451    0.8558
    0.5168    0.7373    0.8515
    0.5044    0.7294    0.8473
    0.4920    0.7216    0.8431
    0.4796    0.7137    0.8388
    0.4672    0.7059    0.8346
    0.4548    0.6980    0.8304
    0.4424    0.6902    0.8261
    0.4300    0.6824    0.8219
    0.4176    0.6745    0.8176
    0.4053    0.6667    0.8134
    0.3929    0.6588    0.8092
    0.3805    0.6510    0.8049
    0.3681    0.6431    0.8007
    0.3557    0.6353    0.7965
    0.3433    0.6275    0.7922
    0.3309    0.6196    0.7880
    0.3185    0.6118    0.7838
    0.3061    0.6039    0.7795
    0.2937    0.5961    0.7753
    0.2813    0.5882    0.7711
    0.2689    0.5804    0.7668
    0.2627    0.5765    0.7647
    0.2574    0.5694    0.7611
    0.2521    0.5624    0.7575
    0.2467    0.5553    0.7539
    0.2414    0.5482    0.7503
    0.2361    0.5412    0.7467
    0.2307    0.5341    0.7431
    0.2254    0.5271    0.7395
    0.2201    0.5200    0.7358
    0.2147    0.5129    0.7322
    0.2094    0.5059    0.7286
    0.2041    0.4988    0.7250
    0.1987    0.4918    0.7214
    0.1934    0.4847    0.7178
    0.1881    0.4776    0.7142
    0.1827    0.4706    0.7106
    0.1774    0.4635    0.7070
    0.1721    0.4565    0.7034
    0.1667    0.4494    0.6998
    0.1614    0.4424    0.6962
    0.1561    0.4353    0.6925
    0.1507    0.4282    0.6889
    0.1454    0.4212    0.6853
    0.1401    0.4141    0.6817
    0.1347    0.4071    0.6781
    0.1294    0.4000    0.6745
    0.1272    0.3958    0.6686
    0.1228    0.3873    0.6569
    0.1184    0.3788    0.6451
    0.1140    0.3704    0.6333
    0.1096    0.3619    0.6216
    0.1053    0.3534    0.6098
    0.1009    0.3449    0.5980
    0.0965    0.3365    0.5863
    0.0921    0.3280    0.5745
    0.0877    0.3195    0.5627
    0.0833    0.3111    0.5510
    0.0789    0.3026    0.5392
    0.0745    0.2941    0.5275
    0.0701    0.2856    0.5157
    0.0657    0.2772    0.5039
    0.0613    0.2687    0.4922
    0.0569    0.2602    0.4804
    0.0525    0.2518    0.4686
    0.0482    0.2433    0.4569
    0.0438    0.2348    0.4451
    0.0394    0.2264    0.4333
    0.0350    0.2179    0.4216
    0.0306    0.2094    0.4098
    0.0262    0.2009    0.3980
    0.0218    0.1925    0.3863];
