function cm_data=GyRd_r(m)
cm = [0.1020    0.1020    0.1020
    0.1100    0.1100    0.1100
    0.1180    0.1180    0.1180
    0.1260    0.1260    0.1260
    0.1340    0.1340    0.1340
    0.1420    0.1420    0.1420
    0.1500    0.1500    0.1500
    0.1580    0.1580    0.1580
    0.1660    0.1660    0.1660
    0.1740    0.1740    0.1740
    0.1820    0.1820    0.1820
    0.1900    0.1900    0.1900
    0.1980    0.1980    0.1980
    0.2060    0.2060    0.2060
    0.2140    0.2140    0.2140
    0.2220    0.2220    0.2220
    0.2300    0.2300    0.2300
    0.2380    0.2380    0.2380
    0.2460    0.2460    0.2460
    0.2540    0.2540    0.2540
    0.2620    0.2620    0.2620
    0.2700    0.2700    0.2700
    0.2780    0.2780    0.2780
    0.2860    0.2860    0.2860
    0.2940    0.2940    0.2940
    0.3020    0.3020    0.3020
    0.3065    0.3065    0.3065
    0.3156    0.3156    0.3156
    0.3247    0.3247    0.3247
    0.3338    0.3338    0.3338
    0.3429    0.3429    0.3429
    0.3520    0.3520    0.3520
    0.3611    0.3611    0.3611
    0.3702    0.3702    0.3702
    0.3793    0.3793    0.3793
    0.3884    0.3884    0.3884
    0.3975    0.3975    0.3975
    0.4066    0.4066    0.4066
    0.4157    0.4157    0.4157
    0.4248    0.4248    0.4248
    0.4339    0.4339    0.4339
    0.4430    0.4430    0.4430
    0.4521    0.4521    0.4521
    0.4612    0.4612    0.4612
    0.4703    0.4703    0.4703
    0.4794    0.4794    0.4794
    0.4885    0.4885    0.4885
    0.4976    0.4976    0.4976
    0.5067    0.5067    0.5067
    0.5158    0.5158    0.5158
    0.5249    0.5249    0.5249
    0.5294    0.5294    0.5294
    0.5374    0.5374    0.5374
    0.5454    0.5454    0.5454
    0.5534    0.5534    0.5534
    0.5614    0.5614    0.5614
    0.5694    0.5694    0.5694
    0.5774    0.5774    0.5774
    0.5854    0.5854    0.5854
    0.5934    0.5934    0.5934
    0.6014    0.6014    0.6014
    0.6094    0.6094    0.6094
    0.6174    0.6174    0.6174
    0.6254    0.6254    0.6254
    0.6334    0.6334    0.6334
    0.6414    0.6414    0.6414
    0.6494    0.6494    0.6494
    0.6574    0.6574    0.6574
    0.6654    0.6654    0.6654
    0.6734    0.6734    0.6734
    0.6814    0.6814    0.6814
    0.6894    0.6894    0.6894
    0.6974    0.6974    0.6974
    0.7054    0.7054    0.7054
    0.7134    0.7134    0.7134
    0.7214    0.7214    0.7214
    0.7294    0.7294    0.7294
    0.7324    0.7324    0.7324
    0.7384    0.7384    0.7384
    0.7443    0.7443    0.7443
    0.7503    0.7503    0.7503
    0.7562    0.7562    0.7562
    0.7622    0.7622    0.7622
    0.7682    0.7682    0.7682
    0.7741    0.7741    0.7741
    0.7801    0.7801    0.7801
    0.7860    0.7860    0.7860
    0.7920    0.7920    0.7920
    0.7980    0.7980    0.7980
    0.8039    0.8039    0.8039
    0.8099    0.8099    0.8099
    0.8158    0.8158    0.8158
    0.8218    0.8218    0.8218
    0.8278    0.8278    0.8278
    0.8337    0.8337    0.8337
    0.8397    0.8397    0.8397
    0.8456    0.8456    0.8456
    0.8516    0.8516    0.8516
    0.8576    0.8576    0.8576
    0.8635    0.8635    0.8635
    0.8695    0.8695    0.8695
    0.8755    0.8755    0.8755
    0.8784    0.8784    0.8784
    0.8833    0.8833    0.8833
    0.8882    0.8882    0.8882
    0.8930    0.8930    0.8930
    0.8979    0.8979    0.8979
    0.9027    0.9027    0.9027
    0.9076    0.9076    0.9076
    0.9125    0.9125    0.9125
    0.9173    0.9173    0.9173
    0.9222    0.9222    0.9222
    0.9271    0.9271    0.9271
    0.9319    0.9319    0.9319
    0.9368    0.9368    0.9368
    0.9416    0.9416    0.9416
    0.9465    0.9465    0.9465
    0.9514    0.9514    0.9514
    0.9562    0.9562    0.9562
    0.9611    0.9611    0.9611
    0.9660    0.9660    0.9660
    0.9708    0.9708    0.9708
    0.9757    0.9757    0.9757
    0.9805    0.9805    0.9805
    0.9854    0.9854    0.9854
    0.9903    0.9903    0.9903
    0.9951    0.9951    0.9951
    1.0000    1.0000    1.0000
    1.0000    1.0000    1.0000
    0.9998    0.9972    0.9956
    0.9995    0.9915    0.9868
    0.9992    0.9859    0.9780
    0.9989    0.9802    0.9693
    0.9986    0.9746    0.9605
    0.9983    0.9689    0.9517
    0.9980    0.9633    0.9429
    0.9976    0.9576    0.9341
    0.9973    0.9520    0.9253
    0.9970    0.9464    0.9165
    0.9967    0.9407    0.9078
    0.9964    0.9351    0.8990
    0.9961    0.9294    0.8902
    0.9958    0.9238    0.8814
    0.9955    0.9181    0.8726
    0.9951    0.9125    0.8638
    0.9948    0.9068    0.8551
    0.9945    0.9012    0.8463
    0.9942    0.8955    0.8375
    0.9939    0.8899    0.8287
    0.9936    0.8842    0.8199
    0.9933    0.8786    0.8111
    0.9929    0.8729    0.8024
    0.9926    0.8673    0.7936
    0.9923    0.8616    0.7848
    0.9922    0.8588    0.7804
    0.9907    0.8504    0.7696
    0.9893    0.8419    0.7587
    0.9879    0.8334    0.7479
    0.9865    0.8249    0.7371
    0.9851    0.8165    0.7263
    0.9837    0.8080    0.7155
    0.9823    0.7995    0.7046
    0.9809    0.7911    0.6938
    0.9795    0.7826    0.6830
    0.9780    0.7741    0.6722
    0.9766    0.7656    0.6613
    0.9752    0.7572    0.6505
    0.9738    0.7487    0.6397
    0.9724    0.7402    0.6289
    0.9710    0.7318    0.6180
    0.9696    0.7233    0.6072
    0.9682    0.7148    0.5964
    0.9667    0.7064    0.5856
    0.9653    0.6979    0.5747
    0.9639    0.6894    0.5639
    0.9625    0.6809    0.5531
    0.9611    0.6725    0.5423
    0.9597    0.6640    0.5315
    0.9583    0.6555    0.5206
    0.9569    0.6471    0.5098
    0.9545    0.6416    0.5056
    0.9498    0.6308    0.4973
    0.9451    0.6200    0.4890
    0.9404    0.6092    0.4807
    0.9357    0.5984    0.4724
    0.9310    0.5875    0.4641
    0.9263    0.5767    0.4558
    0.9216    0.5659    0.4475
    0.9169    0.5551    0.4391
    0.9122    0.5442    0.4308
    0.9075    0.5334    0.4225
    0.9027    0.5226    0.4142
    0.8980    0.5118    0.4059
    0.8933    0.5009    0.3976
    0.8886    0.4901    0.3893
    0.8839    0.4793    0.3809
    0.8792    0.4685    0.3726
    0.8745    0.4576    0.3643
    0.8698    0.4468    0.3560
    0.8651    0.4360    0.3477
    0.8604    0.4252    0.3394
    0.8557    0.4144    0.3311
    0.8510    0.4035    0.3227
    0.8463    0.3927    0.3144
    0.8416    0.3819    0.3061
    0.8392    0.3765    0.3020
    0.8336    0.3652    0.2966
    0.8279    0.3539    0.2913
    0.8223    0.3426    0.2860
    0.8166    0.3313    0.2806
    0.8110    0.3200    0.2753
    0.8053    0.3087    0.2700
    0.7997    0.2974    0.2646
    0.7940    0.2861    0.2593
    0.7884    0.2748    0.2540
    0.7827    0.2635    0.2486
    0.7771    0.2522    0.2433
    0.7715    0.2409    0.2380
    0.7658    0.2296    0.2326
    0.7602    0.2184    0.2273
    0.7545    0.2071    0.2220
    0.7489    0.1958    0.2166
    0.7432    0.1845    0.2113
    0.7376    0.1732    0.2060
    0.7319    0.1619    0.2006
    0.7263    0.1506    0.1953
    0.7206    0.1393    0.1900
    0.7150    0.1280    0.1846
    0.7093    0.1167    0.1793
    0.7037    0.1054    0.1740
    0.6980    0.0941    0.1686
    0.6922    0.0922    0.1677
    0.6804    0.0885    0.1658
    0.6686    0.0847    0.1639
    0.6569    0.0809    0.1620
    0.6451    0.0772    0.1602
    0.6333    0.0734    0.1583
    0.6216    0.0696    0.1564
    0.6098    0.0659    0.1545
    0.5980    0.0621    0.1526
    0.5863    0.0584    0.1507
    0.5745    0.0546    0.1489
    0.5627    0.0508    0.1470
    0.5510    0.0471    0.1451
    0.5392    0.0433    0.1432
    0.5275    0.0395    0.1413
    0.5157    0.0358    0.1395
    0.5039    0.0320    0.1376
    0.4922    0.0282    0.1357
    0.4804    0.0245    0.1338
    0.4686    0.0207    0.1319
    0.4569    0.0169    0.1300
    0.4451    0.0132    0.1282
    0.4333    0.0094    0.1263
    0.4216    0.0056    0.1244
    0.4098    0.0019    0.1225];
