function cm_data=RdBu(m)
cm = [0.403921568627451	0	0.121568627450980
0.420234922908265	0	0.121780198586831
0.436093693351309	0	0.122121857680585
0.451507029581573	0	0.122593654786499
0.466483444818097	0	0.123195754618115
0.481031040567280	0	0.123928429963463
0.495157670291367	0	0.124792052969246
0.508871058866449	0	0.125787084495985
0.522178889695382	0	0.126914061788617
0.535088867961501	0	0.128173584741769
0.547608766165413	0	0.129566301065069
0.559746456439180	0	0.131092890670669
0.571509932958886	0	0.132754049612382
0.582907326931486	0	0.134550473903476
0.593946916016863	0	0.136482843528656
0.604637129594325	0	0.138551806945732
0.614986550948014	0	0.140757966345048
0.625003917195779	0	0.143101863901146
0.634698117598046	0	0.145583969212833
0.644078190740908	0.000437491531569593	0.148204668086446
0.653153320979268	0.0134729916936027	0.150964252774263
0.661932834442865	0.0282730667645842	0.153862913737248
0.670426194844137	0.0446814686358824	0.156900732960189
0.678642999277466	0.0600802216076594	0.160077678808975
0.686592974160984	0.0742642340352503	0.163393602385388
0.694285971442142	0.0876482049664308	0.166848235305096
0.701731965164758	0.100467030594536	0.170441188800036
0.708941048476687	0.112866972037159	0.174171954027362
0.715923431142547	0.124945331231808	0.178039903453516
0.722689437614095	0.136770122978168	0.182044293173558
0.729249505701248	0.148390777873302	0.186184266022284
0.735614185878868	0.159844386747582	0.190458855334306
0.741794141257757	0.171159548257855	0.194866989214486
0.747800148242591	0.182358845941824	0.199407495187348
0.753643097894427	0.193460501402732	0.204079105103547
0.759333998010769	0.204479511307562	0.208880460192590
0.764883975931746	0.215428449492519	0.213810116163096
0.770304282076610	0.226318045218684	0.218866548264516
0.775606294210424	0.237157607889941	0.224048156236854
0.780801522436290	0.247955344056758	0.229353269087267
0.785901614903770	0.258718597333914	0.234780149644078
0.790918364219132	0.269454032165857	0.240326998849593
0.795863714537735	0.280167776034831	0.245991959762981
0.800749769313135	0.290865530470551	0.251773121253265
0.805588799671359	0.301552658332648	0.257668521370159
0.810393253372270	0.312234252833464	0.263676150387129
0.815175764312963	0.322915192356023	0.269793953516575
0.819949162520741	0.333600184110879	0.276019833301634
0.824726484575542	0.344293798942244	0.282351651692764
0.829520984393547	0.355000499055216	0.288787231820109
0.834346144295467	0.365724660035828	0.295324359474787
0.839215686274510	0.376470588235294	0.301960784313725
0.844139683471144	0.387241429536463	0.308694982651691
0.849112775091927	0.398035740386517	0.315528447430990
0.854125701471420	0.408850599435174	0.322463410099165
0.859169177048242	0.419682703533448	0.329502080640731
0.864233886808731	0.430528389013762	0.336646648009737
0.869310482634672	0.441383651230065	0.343899280044852
0.874389579547139	0.452244162594053	0.351262122923000
0.879461751837157	0.463105289304750	0.358737300203227
0.884517529072444	0.473962106937308	0.366326911508723
0.889547391967900	0.484809415031325	0.374033030891589
0.894541768105782	0.495641750798137	0.381857704922003
0.899491027489529	0.506453402049390	0.389802950540698
0.904385477913153	0.517238419435045	0.397870752711275
0.909215360125711	0.527990628067285	0.406063061906565
0.913970842767836	0.538703638597013	0.414381791461158
0.918642017054440	0.549370857801497	0.422828814820202
0.923218891174517	0.559985498734925	0.431405962712666
0.927691384375477	0.570540590487839	0.440115020275419
0.932049320695464	0.581028987596650	0.448957724152692
0.936282422302779	0.591443379140328	0.457935759593775
0.940380302396503	0.601776297557893	0.467050757570080
0.944332457616953	0.612020127217462	0.476304291931070
0.948128259908272	0.622167112765111	0.485697876616944
0.951756947768413	0.632209367279742	0.495232962944363
0.955207616813705	0.642138880258414	0.504910936979974
0.958469533905889	0.651947717362462	0.514732891150667
0.961539307001361	0.661632259288229	0.524694656493062
0.964421073507900	0.671193247686014	0.534786818805108
0.967119454394347	0.680631584456374	0.544999700555117
0.969639241638714	0.689948143727872	0.555323593484373
0.971985408506498	0.699143774897011	0.565748763932321
0.974163119960488	0.708219305234757	0.576265457025612
0.976177743183145	0.717175542115585	0.586863899885333
0.978034858187100	0.726013274917363	0.597534303995017
0.979740268483488	0.734733276633944	0.608266866859701
0.981300011771530	0.743336305236843	0.619051773073825
0.982720370606117	0.751823104817695	0.629879194903454
0.984007882992947	0.760194406539159	0.640739292476464
0.985169352853139	0.768450929418532	0.651622213663105
0.986211860291070	0.776593380965302	0.662518093718908
0.987142771590572	0.784622457691369	0.673417054752209
0.987969748855459	0.792538845510393	0.684309205069777
0.988700759200839	0.800343220040820	0.695184638446065
0.989344083391668	0.808036246825432	0.706033433354406
0.989908323814801	0.815618581478816	0.716845652192148
0.990402411660312	0.823090869772817	0.727611340526049
0.990835613177359	0.830453747668936	0.738320526379273
0.991217534859511	0.837707841305589	0.748963219576981
0.991558127404366	0.844853766947279	0.759529411163734
0.991867688282866	0.851892130901909	0.770009072902557
0.992156862745098	0.858823529411765	0.780392156862745
0.992433078080468	0.865646652368325	0.790667906071794
0.992689747545280	0.872352566017580	0.800822759663638
0.992916787777810	0.878930353662625	0.810842374001833
0.993104152310046	0.885369010010226	0.820712309877005
0.993241824919993	0.891657446913344	0.830418038097577
0.993319813399882	0.897784499207024	0.839944945350056
0.993328143757517	0.903738930636701	0.849278340318574
0.993256854866235	0.909509439879036	0.858403460055279
0.993095993577328	0.915084666656317	0.867305476594991
0.992835610307086	0.920453197946422	0.875969503809290
0.992465755109168	0.925603574291202	0.884380604496880
0.991976474241494	0.930524296207043	0.892523797708747
0.991357807235570	0.935203830702189	0.900384066308187
0.990599784474879	0.939630617906239	0.907946364767389
0.989692425287860	0.943793077818098	0.915195627203775
0.988625736560043	0.947679617179463	0.922116775660856
0.987389711868957	0.951278636481778	0.928694728639886
0.985974331144781	0.954578537115486	0.934914409890159
0.984369560859040	0.957567728671256	0.940760757467358
0.982565354743234	0.960234636403830	0.946218733070985
0.980551655038961	0.962567708870082	0.951273331673561
0.978318394280944	0.964555425753927	0.955909591456035
0.975855497614353	0.966186305891804	0.960112604065631
0.973152885647983	0.967448915513620	0.963867525214302
0.970200477845150	0.968331876715309	0.967159585637996
0.966988576074149	0.968824450850990	0.969974835507021
0.963516185305207	0.968929190107607	0.972316290110775
0.959790869707961	0.968661940686063	0.974203961446560
0.955820347791172	0.968039191967434	0.975658729287153
0.951612122603571	0.967077491269607	0.976701591297857
0.947173491649503	0.965793433691545	0.977353646828884
0.942511555539408	0.964203652398291	0.977636081587712
0.937633225338888	0.962324809334825	0.977570153164576
0.932545228575989	0.960173586358409	0.977177177387887
0.927254113861518	0.957766676780669	0.976478515489837
0.921766254072040	0.955120777312154	0.975495562065815
0.916087848039263	0.952252580403612	0.974249733814323
0.910224920682867	0.949178766979695	0.972762459047146
0.904183321516339	0.945915999562237	0.971055167962273
0.897968721446793	0.942480915781661	0.969149283674783
0.891586607780060	0.938890122276479	0.967066214003401
0.885042277331190	0.935160188982237	0.964827344012791
0.878340827527833	0.931307643812608	0.962454029313862
0.871487145379370	0.927348967736699	0.959967590126418
0.864485894167865	0.923300590258001	0.957389306110370
0.857341497697626	0.919178885301704	0.954740411973465
0.850058121917705	0.915000167518437	0.952042093865031
0.842639653705793	0.910780689013780	0.949315486566606
0.835089676571706	0.906536636514169	0.946581671491510
0.827411443003418	0.902284128981042	0.943861675506353
