function cm_data=Reds(m)
cm = [1.00000000000000	0.960784313725490	0.941176470588235
1	0.959705128350638	0.939629628612132
1	0.958511007910601	0.937912657833264
1	0.957203697901046	0.936028646871820
1	0.955784947412394	0.933980694962960
1	0.954256508716620	0.931771911206714
1	0.952620136858533	0.929405413831769
1	0.950877589251310	0.926884329472834
1	0.949030625276047	0.924211792461320
0.999944260666796	0.947081005885139	0.921390944129064
0.999874916773100	0.945030493209262	0.918424932124822
0.999794407571319	0.942880850167766	0.915316909743322
0.999703074177849	0.940633840082278	0.912070035266625
0.999601242592393	0.938291226293326	0.908687471317600
0.999489225326216	0.935854771779802	0.905172384225302
0.999367323009155	0.933326238781068	0.901527943402094
0.999235825974007	0.930707388421550	0.897757320732321
0.999095015817065	0.927999980337630	0.893863689972411
0.998945166933533	0.925205772306674	0.889850226162253
0.998786548026752	0.922326519878035	0.885720105047741
0.998619423590124	0.919363976005866	0.881476502514381
0.998444055360780	0.916319890683588	0.877122594031876
0.998260703744067	0.913196010579862	0.872661554109618
0.998069629208006	0.909994078675910	0.868096555763032
0.997871093646979	0.906715833904051	0.863430769990744
0.997665361713912	0.903363010787294	0.858667365262540
0.997452702120365	0.899937339079858	0.853809507018127
0.997233388903941	0.896440543408482	0.848860357176701
0.997007702662552	0.892874342914390	0.843823073657345
0.996775931755092	0.889240450895777	0.838700809910330
0.996538373468174	0.885540574450699	0.833496714459355
0.996295335148628	0.881776414120223	0.828213930454823
0.996047135301514	0.877949663531744	0.822855595238255
0.995794104653474	0.874062009042312	0.817424839917941
0.995536587181288	0.870115129381894	0.811924788955986
0.995274941105571	0.866110695296419	0.806358559766877
0.995009539849551	0.862050369190524	0.800729262327756
0.994740772962996	0.857935804769868	0.795039998800574
0.994469047011304	0.853768646682935	0.789293863166333
0.994194786429898	0.849550530162193	0.783493940871624
0.993918434344044	0.845283080664536	0.777643308487711
0.993640453354291	0.840967913510884	0.771745033382396
0.993361326287737	0.836606633524879	0.765802173404931
0.993081556915371	0.832200834670543	0.759817776584269
0.992801670635756	0.827752099688853	0.753794880840935
0.992522215125372	0.823261999733111	0.747736513712824
0.992243760955930	0.818732094003042	0.741645692095261
0.991966902179008	0.814163929377539	0.735525421995632
0.991692256878383	0.809559040045971	0.729378698302937
0.991420467690441	0.804918947137990	0.723208504572621
0.991152202293066	0.800245158351752	0.717017812827024
0.990888153863433	0.795539167580499	0.710809583371820
0.990629041505127	0.790802454537433	0.704586764628807
0.990375610645039	0.786036484378812	0.698352292985411
0.990128633400482	0.781242707325232	0.692109092661270
0.989888908917001	0.776422558281026	0.685860075592243
0.989657263677330	0.771577456451745	0.679608141332211
0.989434551781986	0.766708804959659	0.673356176972992
0.989221655201970	0.761817990457267	0.667107057082696
0.989019484004077	0.756906382738757	0.660863643662822
0.988828976549275	0.751975334349401	0.654628786124374
0.988651099664686	0.747026180192864	0.648405321283234
0.988486848789632	0.742060237136392	0.642196073375019
0.988337248096260	0.737078803613894	0.636003854089573
0.988203345131129	0.732083158511121	0.629831456033044
0.988085556406780	0.727074476249446	0.623680862366734
0.987983045741863	0.722053754116075	0.617552499531305
0.987894858653565	0.717021967433324	0.611446611130477
0.987820069416960	0.711980089594082	0.605363435950903
0.987757780831320	0.706929092494390	0.599303207851659
0.987707123961021	0.701869946981632	0.593266155649077
0.987667257852548	0.696803623319253	0.587252502996716
0.987637369229121	0.691731091668911	0.581262468260208
0.987616672164363	0.686653322591013	0.575296264386738
0.987604407736418	0.681571287564590	0.569354098768892
0.987599843663848	0.676485959527502	0.563436173102583
0.987602273924599	0.671398313437959	0.557542683238753
0.987611018359280	0.666309326858382	0.551673819028540
0.987625422259920	0.661219980562631	0.545829764161572
0.987644855945348	0.656131259167651	0.540010695997028
0.987668714324263	0.651044151790579	0.534216785387088
0.987696416447021	0.645959652732387	0.528448196492374
0.987727405047112	0.640878762189120	0.522705086588954
0.987761146073253	0.635802486991804	0.516987605866454
0.987797128212956	0.630731841376073	0.511295897216798
0.987834862408415	0.625667847782573	0.505630096013070
0.987873881365470	0.620611537689183	0.499990329877940
0.987913739056391	0.615563952476037	0.494376718441084
0.987954010217156	0.610526144324347	0.488789373084978
0.987994289839871	0.605499177149935	0.483228396678391
0.988034192660935	0.600484127572346	0.477693883296902
0.988073352645489	0.595482085920358	0.472185917929644
0.988111422468693	0.590494157274589	0.466704576171515
0.988148072994287	0.585521462547835	0.461249923899952
0.988182992750894	0.580565139603625	0.455822016935369
0.988215887406466	0.575626344413358	0.450420900684256
0.988246475921614	0.570706226954617	0.445046610241607
0.988274340839921	0.565804808082887	0.439699192910600
0.988298858251533	0.560920516153300	0.434378725642416
0.988319384839191	0.556051648632952	0.429085292364767
0.988335272940685	0.551196487789931	0.423818982264606
0.988345870446656	0.546353299543936	0.418579890131378
0.988350520700304	0.541520332246079	0.413368116711033
0.988348562399013	0.536695815381423	0.408183769071225
0.988339329497899	0.531877958187081	0.403026960978097
0.988322151115276	0.527064948178009	0.397897813285056
0.988296351440032	0.522254949571725	0.392796454333962
0.988261249640916	0.517446101602263	0.387723020369124
0.988216159777708	0.512636516712590	0.382677655964516
0.988160390714266	0.507824278613508	0.377660514464600
0.988093246033431	0.503007440195702	0.372671758439151
0.988014023953743	0.498184021280058	0.367711560152431
0.987922017247976	0.493352006189617	0.362780102047084
0.987816513163427	0.488509341124567	0.357877577243052
0.987696793343949	0.483653931319392	0.353004190051817
0.987562133753667	0.478783637958743	0.348160156506199
0.987411804602356	0.473896274825632	0.343345704905935
0.987245070272431	0.468989604652184	0.338561076379155
0.987061189247489	0.464061335139290	0.333806525459861
0.986859414042373	0.459109114607040	0.329082320681371
0.986638991134693	0.454130527232631	0.324388745185656
0.986399160897745	0.449123087826481	0.319726097348350
0.986139157534789	0.444084236090284	0.315094691419089
0.985858209014598	0.439011330292680	0.310494858176721
0.985555537008242	0.433901640288688	0.305926945598706
0.985230356827026	0.428752339797958	0.301391319543888
0.984881877361514	0.423560497843794	0.296888364447559
0.984509301021583	0.418323069239463	0.292418484027515
0.984111751651927	0.413036974443174	0.287982117931819
0.983686696695546	0.407701105853502	0.283580090317894
0.983229975766854	0.402316439641395	0.279213599104537
0.982737396629493	0.396884099376144	0.274883860826028
0.982204806424489	0.391405272336908	0.270592094672023
0.981628090621909	0.385881215663745	0.266339522540210
0.981003171979543	0.380313262942792	0.262127369069558
0.980326009512939	0.374702831273873	0.257956861651064
0.979592597480809	0.369051428873586	0.253829230412673
0.978798964389393	0.363360663272156	0.249745708174796
0.977941172019092	0.357632250167945	0.245707530372608
0.977015314476271	0.351868023009648	0.241715934941040
0.976017517272844	0.346069943382737	0.237772162158164
0.974943936435944	0.340240112283600	0.233877454442421
0.973790757649652	0.334380782372141	0.230033056098926
0.972554195430486	0.328494371300997	0.226240213009900
0.971230492338086	0.322583476227067	0.222500172264116
0.969815918222234	0.316650889618354	0.218814181720120
0.968306769507112	0.310699616475824	0.215183489497922
0.966699368513473	0.304732893095783	0.211609343393838
0.964990062819109	0.298754207502282	0.208092990213226
