function cm_data=Reds_r(m)
cm = [0.4039         0    0.0510
    0.4141    0.0025    0.0529
    0.4240    0.0051    0.0546
    0.4338    0.0077    0.0562
    0.4434    0.0104    0.0577
    0.4528    0.0130    0.0591
    0.4621    0.0156    0.0603
    0.4712    0.0182    0.0615
    0.4801    0.0207    0.0626
    0.4888    0.0233    0.0636
    0.4974    0.0257    0.0646
    0.5058    0.0282    0.0655
    0.5140    0.0305    0.0663
    0.5220    0.0328    0.0672
    0.5299    0.0351    0.0680
    0.5377    0.0372    0.0689
    0.5452    0.0393    0.0697
    0.5527    0.0413    0.0705
    0.5599    0.0431    0.0713
    0.5671    0.0449    0.0721
    0.5740    0.0465    0.0729
    0.5809    0.0480    0.0737
    0.5876    0.0493    0.0745
    0.5941    0.0506    0.0753
    0.6006    0.0518    0.0761
    0.6069    0.0530    0.0768
    0.6130    0.0540    0.0776
    0.6191    0.0550    0.0784
    0.6251    0.0559    0.0792
    0.6309    0.0567    0.0800
    0.6366    0.0575    0.0808
    0.6422    0.0582    0.0816
    0.6477    0.0589    0.0825
    0.6532    0.0596    0.0833
    0.6585    0.0602    0.0841
    0.6637    0.0608    0.0849
    0.6689    0.0613    0.0858
    0.6740    0.0619    0.0866
    0.6790    0.0624    0.0875
    0.6839    0.0630    0.0883
    0.6888    0.0635    0.0892
    0.6936    0.0641    0.0901
    0.6983    0.0647    0.0910
    0.7030    0.0653    0.0919
    0.7077    0.0659    0.0928
    0.7123    0.0666    0.0937
    0.7168    0.0673    0.0946
    0.7213    0.0681    0.0956
    0.7258    0.0689    0.0966
    0.7303    0.0698    0.0975
    0.7347    0.0708    0.0985
    0.7392    0.0718    0.0995
    0.7436    0.0730    0.1005
    0.7480    0.0742    0.1016
    0.7524    0.0755    0.1026
    0.7568    0.0769    0.1037
    0.7612    0.0784    0.1048
    0.7656    0.0801    0.1058
    0.7700    0.0818    0.1070
    0.7745    0.0836    0.1081
    0.7790    0.0856    0.1092
    0.7835    0.0877    0.1104
    0.7880    0.0899    0.1116
    0.7926    0.0923    0.1128
    0.7972    0.0947    0.1140
    0.8019    0.0974    0.1153
    0.8066    0.1001    0.1166
    0.8114    0.1029    0.1179
    0.8162    0.1059    0.1192
    0.8210    0.1090    0.1205
    0.8258    0.1123    0.1219
    0.8306    0.1156    0.1233
    0.8355    0.1191    0.1248
    0.8403    0.1227    0.1262
    0.8452    0.1265    0.1278
    0.8500    0.1303    0.1293
    0.8548    0.1343    0.1309
    0.8596    0.1383    0.1325
    0.8644    0.1425    0.1342
    0.8691    0.1468    0.1359
    0.8738    0.1512    0.1377
    0.8785    0.1556    0.1395
    0.8831    0.1602    0.1414
    0.8876    0.1649    0.1433
    0.8921    0.1697    0.1453
    0.8965    0.1746    0.1473
    0.9008    0.1795    0.1494
    0.9050    0.1846    0.1515
    0.9092    0.1897    0.1537
    0.9133    0.1949    0.1559
    0.9172    0.2002    0.1583
    0.9211    0.2056    0.1606
    0.9248    0.2110    0.1631
    0.9284    0.2166    0.1656
    0.9319    0.2221    0.1682
    0.9352    0.2278    0.1709
    0.9384    0.2335    0.1736
    0.9415    0.2393    0.1764
    0.9444    0.2451    0.1793
    0.9472    0.2510    0.1822
    0.9499    0.2569    0.1852
    0.9524    0.2629    0.1883
    0.9548    0.2688    0.1914
    0.9571    0.2748    0.1946
    0.9592    0.2808    0.1979
    0.9613    0.2868    0.2012
    0.9632    0.2928    0.2046
    0.9650    0.2988    0.2081
    0.9667    0.3047    0.2116
    0.9683    0.3107    0.2152
    0.9698    0.3167    0.2188
    0.9712    0.3226    0.2225
    0.9726    0.3285    0.2262
    0.9738    0.3344    0.2300
    0.9749    0.3402    0.2339
    0.9760    0.3461    0.2378
    0.9770    0.3519    0.2417
    0.9779    0.3576    0.2457
    0.9788    0.3634    0.2497
    0.9796    0.3691    0.2538
    0.9803    0.3747    0.2580
    0.9810    0.3803    0.2621
    0.9816    0.3859    0.2663
    0.9822    0.3914    0.2706
    0.9827    0.3969    0.2749
    0.9832    0.4023    0.2792
    0.9837    0.4077    0.2836
    0.9841    0.4130    0.2880
    0.9845    0.4183    0.2924
    0.9849    0.4236    0.2969
    0.9852    0.4288    0.3014
    0.9856    0.4339    0.3059
    0.9859    0.4390    0.3105
    0.9861    0.4441    0.3151
    0.9864    0.4491    0.3197
    0.9866    0.4541    0.3244
    0.9869    0.4591    0.3291
    0.9871    0.4641    0.3338
    0.9872    0.4690    0.3386
    0.9874    0.4739    0.3433
    0.9876    0.4788    0.3482
    0.9877    0.4837    0.3530
    0.9878    0.4885    0.3579
    0.9879    0.4934    0.3628
    0.9880    0.4982    0.3677
    0.9881    0.5030    0.3727
    0.9882    0.5078    0.3777
    0.9882    0.5126    0.3827
    0.9883    0.5174    0.3877
    0.9883    0.5223    0.3928
    0.9883    0.5271    0.3979
    0.9883    0.5319    0.4030
    0.9883    0.5367    0.4082
    0.9884    0.5415    0.4134
    0.9883    0.5464    0.4186
    0.9883    0.5512    0.4238
    0.9883    0.5561    0.4291
    0.9883    0.5609    0.4344
    0.9883    0.5658    0.4397
    0.9882    0.5707    0.4450
    0.9882    0.5756    0.4504
    0.9882    0.5806    0.4558
    0.9881    0.5855    0.4612
    0.9881    0.5905    0.4667
    0.9881    0.5955    0.4722
    0.9880    0.6005    0.4777
    0.9880    0.6055    0.4832
    0.9880    0.6105    0.4888
    0.9879    0.6156    0.4944
    0.9879    0.6206    0.5000
    0.9878    0.6257    0.5056
    0.9878    0.6307    0.5113
    0.9878    0.6358    0.5170
    0.9877    0.6409    0.5227
    0.9877    0.6460    0.5284
    0.9877    0.6510    0.5342
    0.9876    0.6561    0.5400
    0.9876    0.6612    0.5458
    0.9876    0.6663    0.5517
    0.9876    0.6714    0.5575
    0.9876    0.6765    0.5634
    0.9876    0.6816    0.5694
    0.9876    0.6867    0.5753
    0.9876    0.6917    0.5813
    0.9877    0.6968    0.5873
    0.9877    0.7019    0.5933
    0.9878    0.7069    0.5993
    0.9878    0.7120    0.6054
    0.9879    0.7170    0.6114
    0.9880    0.7221    0.6176
    0.9881    0.7271    0.6237
    0.9882    0.7321    0.6298
    0.9883    0.7371    0.6360
    0.9885    0.7421    0.6422
    0.9887    0.7470    0.6484
    0.9888    0.7520    0.6546
    0.9890    0.7569    0.6609
    0.9892    0.7618    0.6671
    0.9894    0.7667    0.6734
    0.9897    0.7716    0.6796
    0.9899    0.7764    0.6859
    0.9901    0.7812    0.6921
    0.9904    0.7860    0.6984
    0.9906    0.7908    0.7046
    0.9909    0.7955    0.7108
    0.9912    0.8002    0.7170
    0.9914    0.8049    0.7232
    0.9917    0.8096    0.7294
    0.9920    0.8142    0.7355
    0.9922    0.8187    0.7416
    0.9925    0.8233    0.7477
    0.9928    0.8278    0.7538
    0.9931    0.8322    0.7598
    0.9934    0.8366    0.7658
    0.9936    0.8410    0.7717
    0.9939    0.8453    0.7776
    0.9942    0.8496    0.7835
    0.9945    0.8538    0.7893
    0.9947    0.8579    0.7950
    0.9950    0.8621    0.8007
    0.9953    0.8661    0.8064
    0.9955    0.8701    0.8119
    0.9958    0.8741    0.8174
    0.9960    0.8779    0.8229
    0.9963    0.8818    0.8282
    0.9965    0.8855    0.8335
    0.9968    0.8892    0.8387
    0.9970    0.8929    0.8438
    0.9972    0.8964    0.8489
    0.9975    0.8999    0.8538
    0.9977    0.9034    0.8587
    0.9979    0.9067    0.8634
    0.9981    0.9100    0.8681
    0.9983    0.9132    0.8727
    0.9984    0.9163    0.8771
    0.9986    0.9194    0.8815
    0.9988    0.9223    0.8857
    0.9989    0.9252    0.8899
    0.9991    0.9280    0.8939
    0.9992    0.9307    0.8978
    0.9994    0.9333    0.9015
    0.9995    0.9359    0.9052
    0.9996    0.9383    0.9087
    0.9997    0.9406    0.9121
    0.9998    0.9429    0.9153
    0.9999    0.9450    0.9184
    0.9999    0.9471    0.9214
    1.0000    0.9490    0.9242
    1.0000    0.9509    0.9269
    1.0000    0.9526    0.9294
    1.0000    0.9543    0.9318
    1.0000    0.9558    0.9340
    1.0000    0.9572    0.9360
    1.0000    0.9585    0.9379
    1.0000    0.9597    0.9396
    1.0000    0.9608    0.9412];
