function cm_data=TealRd(m)
cm = [6.30247194465418e+01	1.27292705808247e+02	1.47022775963106e+02
6.4390417891429e+01	1.28215535380952e+02	1.47809646181672e+02
6.57561163363162e+01	1.29138364953658e+02	1.48596516400239e+02
6.71218147812034e+01	1.30061194526363e+02	1.49383386618805e+02
6.84875132260906e+01	1.30984024099069e+02	1.50170256837372e+02
6.98532116709778e+01	1.31906853671774e+02	1.50957127055939e+02
7.12189101158649e+01	1.3282968324448e+02	1.51743997274505e+02
7.25846085607521e+01	1.33752512817185e+02	1.52530867493072e+02
7.39503070056393e+01	1.34675342389891e+02	1.53317737711638e+02
7.53160054505265e+01	1.35598171962596e+02	1.54104607930205e+02
7.66817038954137e+01	1.36521001535302e+02	1.54891478148771e+02
7.87302515627445e+01	1.3790524589436e+02	1.56071783476621e+02
8.00959500076317e+01	1.38828075467065e+02	1.56858653695188e+02
8.14616484525189e+01	1.39750905039771e+02	1.57645523913754e+02
8.28273468974061e+01	1.40673734612476e+02	1.58432394132321e+02
8.41930453422932e+01	1.41596564185182e+02	1.59219264350887e+02
8.55587437871804e+01	1.42519393757887e+02	1.60006134569454e+02
8.69244422320676e+01	1.43442223330593e+02	1.6079300478802e+02
8.82901406769548e+01	1.44365052903298e+02	1.61579875006587e+02
8.9655839121842e+01	1.45287882476004e+02	1.62366745225154e+02
9.10215375667292e+01	1.46210712048709e+02	1.6315361544372e+02
9.307008523406e+01	1.47594956407768e+02	1.6433392077157e+02
9.44357836789472e+01	1.48517785980473e+02	1.65120790990137e+02
9.58014821238344e+01	1.49440615553179e+02	1.65907661208703e+02
9.71671805687215e+01	1.50363445125884e+02	1.6669453142727e+02
9.85328790136087e+01	1.5128627469859e+02	1.67481401645836e+02
9.98985774584959e+01	1.52209104271295e+02	1.68268271864403e+02
1.01264275903383e+02	1.53131933844001e+02	1.69055142082969e+02
1.0262997434827e+02	1.54054763416706e+02	1.69842012301536e+02
1.03995672793157e+02	1.54977592989412e+02	1.70628882520102e+02
1.05361371238045e+02	1.55900422562117e+02	1.71415752738669e+02
1.07409918905375e+02	1.57284666921175e+02	1.72596058066519e+02
1.08775617350263e+02	1.58207496493881e+02	1.73382928285085e+02
1.1014131579515e+02	1.59130326066586e+02	1.74169798503652e+02
1.11507014240037e+02	1.60053155639292e+02	1.74956668722218e+02
1.12872712684924e+02	1.60975985211997e+02	1.75743538940785e+02
1.14238411129811e+02	1.61898814784703e+02	1.76530409159352e+02
1.15604109574699e+02	1.62821644357408e+02	1.77317279377918e+02
1.16969808019586e+02	1.63744473930114e+02	1.78104149596485e+02
1.18335506464473e+02	1.64667303502819e+02	1.78891019815051e+02
1.1970120490936e+02	1.65590133075525e+02	1.79677890033618e+02
1.21749752576691e+02	1.66974377434583e+02	1.80858195361468e+02
1.23115451021578e+02	1.67897207007289e+02	1.81645065580034e+02
1.24481149466465e+02	1.68820036579994e+02	1.82431935798601e+02
1.25846847911353e+02	1.697428661527e+02	1.83218806017167e+02
1.2721254635624e+02	1.70665695725405e+02	1.84005676235734e+02
1.28578244801127e+02	1.71588525298111e+02	1.847925464543e+02
1.29943943246014e+02	1.72511354870816e+02	1.85579416672867e+02
1.31309641690901e+02	1.73434184443522e+02	1.86366286891433e+02
1.32675340135788e+02	1.74357014016227e+02	1.8715315711e+02
1.34041038580676e+02	1.75279843588933e+02	1.87940027328567e+02
1.36089586248006e+02	1.76664087947991e+02	1.89120332656416e+02
1.37455284692894e+02	1.77586917520696e+02	1.89907202874983e+02
1.38820983137781e+02	1.78509747093402e+02	1.9069407309355e+02
1.40186681582668e+02	1.79432576666107e+02	1.91480943312116e+02
1.41552380027555e+02	1.80355406238813e+02	1.92267813530683e+02
1.42918078472442e+02	1.81278235811518e+02	1.93054683749249e+02
1.4428377691733e+02	1.82201065384224e+02	1.93841553967816e+02
1.45649475362217e+02	1.83123894956929e+02	1.94628424186382e+02
1.47015173807104e+02	1.84046724529635e+02	1.95415294404949e+02
1.48380872251991e+02	1.8496955410234e+02	1.96202164623515e+02
1.50429419919322e+02	1.86353798461399e+02	1.97382469951365e+02
1.51795118364209e+02	1.87276628034104e+02	1.98169340169932e+02
1.53160816809096e+02	1.8819945760681e+02	1.98956210388498e+02
1.54526515253984e+02	1.89122287179515e+02	1.99743080607065e+02
1.55892213698871e+02	1.90045116752221e+02	2.00529950825631e+02
1.57257912143758e+02	1.90967946324926e+02	2.01316821044198e+02
1.58623610588645e+02	1.91890775897632e+02	2.02103691262765e+02
1.59989309033532e+02	1.92813605470337e+02	2.02890561481331e+02
1.61355007478419e+02	1.93736435043043e+02	2.03677431699898e+02
1.62720705923307e+02	1.94659264615748e+02	2.04464301918464e+02
1.64086404368194e+02	1.95582094188454e+02	2.05251172137031e+02
1.66134952035525e+02	1.96966338547512e+02	2.06431477464881e+02
1.67500650480412e+02	1.97889168120217e+02	2.07218347683447e+02
1.68866348925299e+02	1.98811997692923e+02	2.08005217902014e+02
1.70232047370186e+02	1.99734827265628e+02	2.0879208812058e+02
1.71597745815073e+02	2.00657656838334e+02	2.09578958339147e+02
1.72963444259961e+02	2.0158048641104e+02	2.10365828557713e+02
1.74329142704848e+02	2.02503315983745e+02	2.1115269877628e+02
1.75694841149735e+02	2.0342614555645e+02	2.11939568994847e+02
1.77060539594622e+02	2.04348975129156e+02	2.12726439213413e+02
1.78426238039509e+02	2.05271804701861e+02	2.1351330943198e+02
1.8047478570684e+02	2.0665604906092e+02	2.14693614759829e+02
1.81840484151727e+02	2.07578878633625e+02	2.15480484978396e+02
1.83206182596615e+02	2.08501708206331e+02	2.16267355196963e+02
1.84571881041502e+02	2.09424537779036e+02	2.17054225415529e+02
1.85937579486389e+02	2.10347367351742e+02	2.17841095634096e+02
1.87303277931276e+02	2.11270196924447e+02	2.18627965852662e+02
1.88668976376163e+02	2.12193026497153e+02	2.19414836071229e+02
1.9003467482105e+02	2.13115856069858e+02	2.20201706289795e+02
1.91400373265938e+02	2.14038685642564e+02	2.20988576508362e+02
1.92766071710825e+02	2.14961515215269e+02	2.21775446726928e+02
1.94814619378156e+02	2.16345759574327e+02	2.22955752054778e+02
1.96180317823043e+02	2.17268589147033e+02	2.23742622273345e+02
1.9754601626793e+02	2.18191418719739e+02	2.24529492491911e+02
1.98911714712817e+02	2.19114248292444e+02	2.25316362710478e+02
2.00277413157704e+02	2.20037077865149e+02	2.26103232929044e+02
2.01643111602592e+02	2.20959907437855e+02	2.26890103147611e+02
2.03008810047479e+02	2.2188273701056e+02	2.27676973366178e+02
2.04374508492366e+02	2.22805566583266e+02	2.28463843584744e+02
2.05740206937253e+02	2.23728396155972e+02	2.29250713803311e+02
2.0710590538214e+02	2.24651225728677e+02	2.30037584021877e+02
2.09154453049471e+02	2.26035470087735e+02	2.31217889349727e+02
2.10520151494358e+02	2.26958299660441e+02	2.32004759568294e+02
2.11885849939245e+02	2.27881129233146e+02	2.3279162978686e+02
2.13251548384133e+02	2.28803958805852e+02	2.33578500005427e+02
2.1461724682902e+02	2.29726788378557e+02	2.34365370223993e+02
2.15982945273907e+02	2.30649617951263e+02	2.3515224044256e+02
2.17348643718794e+02	2.31572447523968e+02	2.35939110661126e+02
2.18714342163681e+02	2.32495277096674e+02	2.36725980879693e+02
2.20080040608569e+02	2.33418106669379e+02	2.3751285109826e+02
2.21445739053456e+02	2.34340936242085e+02	2.38299721316826e+02
2.23494286720787e+02	2.35725180601143e+02	2.39480026644676e+02
2.24859985165674e+02	2.36648010173849e+02	2.40266896863242e+02
2.26225683610561e+02	2.37570839746554e+02	2.41053767081809e+02
2.27591382055448e+02	2.3849366931926e+02	2.41840637300376e+02
2.28957080500335e+02	2.39416498891965e+02	2.42627507518942e+02
2.30322778945223e+02	2.40339328464671e+02	2.43414377737509e+02
2.3168847739011e+02	2.41262158037376e+02	2.44201247956075e+02
2.33054175834997e+02	2.42184987610082e+02	2.44988118174642e+02
2.34419874279884e+02	2.43107817182787e+02	2.45774988393208e+02
2.35785572724771e+02	2.44030646755493e+02	2.46561858611775e+02
2.55e+02	2.55e+02	2.55e+02
2.50690906405016e+02	2.32177308248662e+02	2.33559591538687e+02
2.50431744846185e+02	2.30804684461172e+02	2.32270102332586e+02
2.50172583287353e+02	2.29432060673681e+02	2.30980613126486e+02
2.49913421728522e+02	2.2805943688619e+02	2.29691123920385e+02
