0,0.20754765596393,0.427445619211626,0.346189312466335,0.108038699807696,0.417017266882534,0.479131870515687,0.392468335249478,0.223423289103601,0.354701906852337,0.24837613528019,0.372509828499072,0.176724584857066,0.613492108260819,0.159715671620671,0.349246231002142,0.510038651147735,0.299112525122469,0.511591972270815,0.298342912453848,0.463396766019091,0.255618753595519,0.471426566189958,0.338386079011496,0.113045635689681,0.320988756513367,0.490651731970423,0.355437984523083,0.692639113530361,0.474537116829482,0.16078598981014,0.164533403456011,0.320991465084473,0.334223219672287,0.62934086575244,0.181235088287622,0.263171962101636,0.331105423764518,0.0810590142123262,0.388804057757893,0.368983317497359,0.350378748262734,0.185319544978151,0.356694103729061,0.193663648974376,0.364465221275431,0.134678269236678,0.453659933047134,0.157651486865592,0.333560397880853,0.277063568533898,0.225130484150591,0.348420261820324,0.280097067167359,0.441386083180819,0.192833576016197,0.415795697758586,0.300231604371255,0.0716964666677178,0.189306950554163,0.363925511756559,0.338731023279759,0.580336963826984,0.344418761642452,0.142124641897627,0.130272981937304,0.274622630550963,0.303614674622134
0.20754765596393,0,0.170160255282111,0.35226610544423,0.0830774691779844,0.269852700644275,0.178740800845849,0.222926718519521,0.159130778848285,0.282457081458986,0.239870602581088,0.351848715909596,0.0641861806393986,0.125385947330996,0.127010474878814,0.305804453555578,0.350246527444492,0.0416263991608663,0.252799346182052,0.349532935501016,0.339943569400701,0.400642311224081,0.440689050914934,0.290342687559811,0.184705511751111,0.383404089227925,0.364706432239484,0.403752079804777,0.321113340699078,0.451002677941099,0.00543355804284266,0.0434945449512134,0.319806974284602,0.44724033749635,0.256476540218672,0.427823375345654,0.172221130218094,0.340313137653394,0.0612996685583113,0.25510613511771,0.206828086589047,0.224140290950392,0.161460178536785,0.278143520511788,0.199086857830521,0.347858479882187,0.0459787123805758,0.123607829570622,0.128347779647061,0.314995186771848,0.372737590976689,0.010169467414746,0.32280286308681,0.344942221586764,0.322231526345056,0.372572252979079,0.420867369689794,0.305493892789993,0.164902127038011,0.312230297549207,0.367807462334672,0.382051234115968,0.300096333378421,0.482627181269433,0,0.0259049117439011,0.293281051365806,0.444088874433528
0.427445619211626,0.170160255282111,0,0.22241704909311,0.130226656964893,0.351784201833206,0.966466351667152,0.548115000826259,0.393478334774032,0.286178651159295,0.37406587625792,0.310152999909743,0.251616967192793,0.712461209986646,0.252336554582051,0.248666822003285,0.543138877020981,0.537569229460725,0.486912015084973,0.316224953018503,0.314675754094971,0.340634931529955,0.367601811750829,0.557360872856089,0.200054254254719,0.744933021959861,0.768603259849512,0.368867568719704,0.384096014058822,0.551400063260552,0.205126057097222,0.13136027338267,0.286344958226678,0.255793992213652,0.303532776170846,0.147673187694901,0.661715849843409,0.206077361886335,0.0884184419340614,0.305647262484168,0.657707950301762,0.390786547971474,0.313489898356202,0.277944722426304,0.263174710093896,0.284800612169846,0.199712379513819,0.531540761968282,0.202969616917996,0.215767442251576,0.267348072887443,0.409413788356316,0.281498672947773,0.304101854430897,0.303313390443711,0.234836403850282,0.280069989977085,0.439939060296802,0.118109255696125,0.447507899762554,0.532596931366627,0.304142652224912,0.322876329010967,0.289484577603911,0.195332969231602,0.0915366015580149,0.25817130082836,0.21083952098999
0.346189312466335,0.35226610544423,0.22241704909311,0,0.0974115132783723,0.548688028673627,0.345669800049144,0.28430637917698,0.273745834520978,0.611232842884421,0.203461271448447,1.10191949486104,0.116662659121866,0.219849697546315,0.216517107897719,0.463035401539041,0.30489810208001,0.0658087230249936,0.225489577084099,0.966592632788259,0.565030874217281,0.363646432421312,0.565257721358498,0.476223711701623,0.133556739486623,0.331108469586327,0.340152577620144,0.77102718537978,0.472463045633369,0.441263610116721,0.0531251584352397,0.0861711341271354,0.390369286629525,0.443713338138333,0.386429717096444,0.330204956029446,0.217928771828025,1.289679468174,0.0735775672651375,0.545150733949476,0.367599829850461,0.314233986318127,0.277440593330179,0.594899015845438,0.189450178327778,1.08995378498675,0.0914981126693806,0.215164993326551,0.24266810297101,0.466105875656669,0.309538810352941,0.0458831440192363,0.267204524355319,0.913749591571693,0.562753052288781,0.346607212963882,0.584329846375354,0.514934718380924,0.113406761974559,0.292445790400547,0.354061124888227,0.765824585089952,0.442345341836271,0.500553148676353,0.0465474362588292,0.0610670789045004,0.356686762782763,0.443221181260237
0.108038699807696,0.0830774691779844,0.130226656964893,0.0974115132783723,0,0.176087910183259,0.155042868758215,0.159485791342941,0.104796383561111,0.111234507570327,0.120819553329601,0.114055637696399,0.0958689422787228,0.148220063379571,0.123808851795441,0.10305224431708,0.11315243250157,0.105903097184425,0.113329437923138,0.100222859782859,0.126246567669312,0.10454844066415,0.13069021786163,0.128528077349579,0.0772762078172479,0.122601037480258,0.145177113343972,0.129685313178792,0.143299137124064,0.138680342366344,0.0481212219697868,0.135242048507284,0.103745128003856,0.132235080312979,0.104041491476666,0.079680183229018,0.10070544843688,0.0952884277020823,0.059047399791312,0.141040744285602,0.1333281060171,0.140283371689126,0.0907833047145847,0.107451556196225,0.0891230254551871,0.109408609453161,0.0794520658529758,0.130551001304173,0.0879610619871669,0.0953537377585567,0.0802596093706055,0.0814885058934022,0.09508216111346,0.0976164557687807,0.1214804055465,0.0877177540182178,0.117269310926775,0.119019181463782,0.0593608182520634,0.083171064592284,0.125196695370422,0.121947960455534,0.126615494897849,0.117631463599463,0.0509201706556964,0.0558748400459471,0.0940012812486946,0.113820050596885
0.417017266882534,0.269852700644275,0.351784201833206,0.548688028673627,0.176087910183259,0,0.522834142636849,0.566675594859497,0.2764986682808,0.679225790436312,0.250319834739622,0.660282748902596,0.193395806880323,0.381974992890258,0.338622252648517,0.394913330448707,0.345254931644408,0.194153978940623,0.297066958435116,0.503499748073073,0.468367035654762,0.303932495056822,0.51223655265352,0.424302710711891,0.137274737980073,0.33622890476057,0.383156224567925,0.717455865253888,0.515721265335531,0.473655632411374,0.104105337004488,0.155766886900102,0.341741645070356,0.400123202291024,0.408285294853487,0.256173058371766,0.325165389729239,0.531796566104748,0.120221675205315,0.835681867275176,0.499927559383073,0.513508310420213,0.274133003191808,0.638259392856494,0.236830643064797,0.632386203407188,0.172578858326733,0.366566012287374,0.323615413726773,0.384543916093808,0.305224197656167,0.159217668431472,0.3090402367696,0.488545208885822,0.46066653027119,0.274711166431559,0.503599260464038,0.45573289683638,0.103172463533625,0.275033024171318,0.378260297409507,0.703207623552652,0.463341775804396,0.46526603891317,0.11086965359571,0.121502342806892,0.300214815401877,0.381838560925361
0.479131870515687,0.178740800845849,0.966466351667152,0.345669800049144,0.155042868758216,0.522834142636849,0,0.623027204236898,0.591528320460115,0.427888941555345,0.359100649847349,0.447049213743334,0.349916037941301,0.89650915764921,0.364413134620719,0.311840328476871,0.396528681576243,0.477028394052335,0.371266619675299,0.407233333505964,0.376323319275541,0.441209438302727,0.350620625999452,0.915925313259621,0.277766979863311,0.658390389294018,0.739057981842899,0.509621799795514,0.45562443444945,0.570336344942874,0.264379406754252,0.175013926033855,0.326714338538446,0.28135369834138,0.35970203937783,0.164070590572704,0.660298385771995,0.326733647203081,0.115015337231884,0.463986823346975,0.997106210020075,0.49081553090914,0.504706136867307,0.409497756598197,0.280793649428297,0.416679550098966,0.315409387009939,0.731945628330183,0.314367541478646,0.272780683136745,0.20970554633217,0.403476130828927,0.248465074979387,0.394949048485913,0.361345271129935,0.337551510326391,0.298769377529079,0.763199842974707,0.195602548333376,0.4641513487011,0.591298340516442,0.443182644429866,0.395456642150833,0.326387882302246,0.273869335552231,0.135228309802645,0.294611041758475,0.246973570483205
0.392468335249478,0.222926718519521,0.548115000826259,0.28430637917698,0.159485791342941,0.566675594859497,0.623027204236898,0,0.225341639937122,0.387966793442623,0.334231092671468,0.346858114781137,0.160613013154784,0.521026199661008,0.217643060414845,0.282801966515277,0.44478433678687,0.390532996846723,0.40663731883574,0.302574631967923,0.344774317353101,0.314627181739456,0.439188609514044,0.335935264623313,0.101220797192984,0.51224097367072,0.438156707048535,0.580639485028977,0.395824796561912,0.652077611500422,0.103114899126995,0.142930956820595,0.267088578100401,0.333020188160941,0.313699937560294,0.199568609828176,0.40657679095274,0.271981640867393,0.114124934917972,0.45620399914072,0.497093575841754,0.583130766422358,0.194738398244558,0.363191684880341,0.262980645790784,0.330240393922848,0.118461195341619,0.403070476310238,0.197769734879929,0.263631853748316,0.319809845598253,0.288067110945453,0.322380038405634,0.29317005732772,0.325295323504585,0.251404878494006,0.368281703898442,0.314154648591038,0.0568163263862597,0.348311788630304,0.348159550642177,0.51157174968102,0.330441951215762,0.466746621093642,0.102797294310519,0.0921499073541973,0.231685571952301,0.294405125438811
0.223423289103601,0.159130778848285,0.393478334774032,0.273745834520978,0.104796383561111,0.2764986682808,0.591528320460115,0.225341639937122,0,0.271900676290038,0.220066926043284,0.347946620164315,0.366810094106029,0.441307763683027,0.324807023506053,0.238974663513291,0.129318993353653,0.178890984727718,0.127432956406801,0.326666865883312,0.280760785242889,0.376574911195098,0.196828745419088,0.754494262440235,0.343826684704739,0.30849684694111,0.472224431688248,0.220839711271817,0.306683746106068,0.199526121630444,0.207741496549423,0.125133533118269,0.269544302876948,0.211701764609913,0.207314239506873,0.151732258292298,0.300708899771248,0.259457942677171,0.0867017836848476,0.261772055087953,0.482049575365303,0.214086951103005,0.535710863168363,0.270452067919367,0.175404735443736,0.307206814445287,0.345501612924817,0.415528165167014,0.263986171264389,0.209500650558348,0.0407048816412701,0.146747297592574,0.0862636598684055,0.321475901583055,0.274547728336436,0.30429074003976,0.187716404788029,0.623260534224787,0.274911394306442,0.228793599429363,0.411153615878918,0.205776464557407,0.289937121420522,0.13992613294842,0.207461208707301,0.109848835278956,0.251687089612967,0.192804350490074
0.354701906852337,0.282457081458986,0.286178651159295,0.611232842884421,0.111234507570327,0.679225790436312,0.427888941555345,0.387966793442623,0.271900676290038,0,0.239657183761184,0.656682637423607,0.159666424493004,0.31015067515076,0.194313284048861,0.374045118851435,0.303829811035359,0.164403314969674,0.26788881239283,0.632487228202172,0.449416438842863,0.342844255045903,0.465849202372687,0.38356344042533,0.161628331384998,0.353779324067291,0.349445698963044,0.662535532233744,0.448331910974484,0.407783860593254,0.0851070372559178,0.103090440813389,0.361128330230858,0.381374886459289,0.359760842040831,0.279353086382221,0.294145336128935,0.603076488596879,0.0868333549880792,0.626216078149265,0.449821913719616,0.41824077295203,0.264548606255781,1.40924241072992,0.235877472396878,0.626843276449003,0.133974134052979,0.31582831991288,0.204079237649746,0.364126185951142,0.309783669777396,0.165478905168677,0.316907564210274,0.627676285752405,0.44333383116735,0.328291149493317,0.483572074472864,0.413004138526384,0.14131929836883,0.347792055453352,0.376516667966302,0.69593096181823,0.405447088249584,0.448872362128206,0.103690750837281,0.0714921731478707,0.322297864494086,0.379215047804443
0.24837613528019,0.239870602581088,0.37406587625792,0.203461271448447,0.120819553329601,0.250319834739622,0.359100649847349,0.334231092671468,0.220066926043284,0.239657183761184,0,0.239480714443762,0.23044710037894,0.338229780516826,0.147872961180899,0.190998728863452,0.411915922481262,0.345414537920693,0.415914513919389,0.256274547973456,0.215250180899859,0.316793293505741,0.27462707943825,0.288091321377421,0.219584273803029,0.470263010487544,0.428614038717589,0.258633386687919,0.293251361015762,0.394241255973678,0.109599061462337,0.103995920797225,0.247612851260129,0.329888703588506,0.225988815328567,0.226874937570661,0.259422600555181,0.192042142141785,0.0722545334802727,0.21410928882332,0.277535099711009,0.254852516479412,0.171699686052531,0.233181202347278,0.293646885981804,0.224969272570081,0.122153863183095,0.25274811913574,0.114490990096482,0.182524067090153,0.291448231987174,0.236950240676275,0.344715132884427,0.25049255513572,0.20360483083262,0.251550617830687,0.233276624718775,0.240715324615342,0.164695286520816,0.299259778633719,0.337052761399088,0.228075459702821,0.243028915639196,0.290278362264294,0.0792571539855486,0.0498700112477805,0.221530644299333,0.273119171898589
0.372509828499072,0.351848715909596,0.310152999909743,1.10191949486104,0.114055637696399,0.660282748902596,0.447049213743334,0.346858114781137,0.347946620164315,0.656682637423607,0.239480714443762,0,0.158574260966946,0.292121367136227,0.290299541040559,0.456580868824761,0.342824187125123,0.120315640190712,0.264586255353404,1.04763691747419,0.564769122886317,0.383468268193638,0.567905310722627,0.530587371653718,0.165237405592114,0.374882638563264,0.407293727584427,0.780054847727028,0.505599477951978,0.480628898363645,0.0781987655210206,0.103568058772783,0.425957158554961,0.461941169179371,0.403881665209108,0.333306075882311,0.29883776225643,1.0471178328066,0.0881036086278511,0.625064212141514,0.460576721321958,0.363663257150442,0.330784057422583,0.620797022102791,0.225951450356769,1.18856834494114,0.13670809412861,0.289171441597553,0.299324658886781,0.453755547209107,0.326136362142375,0.106663173047959,0.299381933709046,0.986339198764337,0.556535388505971,0.358684923877985,0.571388312209497,0.569129643262856,0.137678764548483,0.328564065310385,0.420545881861213,0.763815201484308,0.464139206731372,0.512344571771331,0.0783339805564576,0.0782263506059249,0.38403369592212,0.451769933491081
0.176724584857066,0.0641861806393987,0.251616967192793,0.116662659121866,0.0958689422787228,0.193395806880323,0.349916037941301,0.160613013154784,0.366810094106029,0.159666424493004,0.23044710037894,0.158574260966946,0,0.36571134979486,0.213196801760455,0.167808267136514,0.0746481179623642,0.208241194575953,0.117358717062068,0.146520917186467,0.213652023339588,0.159822293873927,0.137537016442301,0.361672136045656,0.336320521496764,0.111951546795174,0.378534420749862,0.0789900951370534,0.235129397470834,0.0559722105487089,0.250552016044526,0.143115188144101,0.16405322115878,0.131205448409506,0.141167224521566,0.0514216517172411,0.110584067686185,0.111382209366683,0.0774434249542124,0.190210206641389,0.216316945409708,0.135901622123074,0.292307279671142,0.165766446165317,0.128141910449831,0.145750750537576,0.387293323948854,0.290454548070222,0.180164356343173,0.147857897171782,0,0.118247217638725,0.019064868705584,0.141942203914295,0.216391815545857,0.0940372111952716,0.128889415630192,0.274373942065041,0.218913150945254,0.00241667699785147,0.24350868443814,0.0765199840837228,0.225518900447067,0.00721837323588471,0.208549292658839,0.131928589244913,0.153019962873961,0.109215498967172
0.613492108260819,0.125385947330996,0.712461209986646,0.219849697546315,0.148220063379571,0.381974992890258,0.89650915764921,0.521026199661008,0.441307763683027,0.31015067515076,0.338229780516826,0.292121367136228,0.36571134979486,0,0.251909793922769,0.25732772434428,0.416402877971021,0.575210607456137,0.482539125411159,0.256686321378589,0.350176355707909,0.312817212849398,0.300952745422366,0.552324269708485,0.258715719954406,0.430140187066747,0.731031370209022,0.249946286471468,0.528725404621564,0.433891727131446,0.327359332326492,0.252816662227834,0.279226009746623,0.251264095730607,0.410379764290232,0.104504396466668,0.394190438611224,0.204859784859876,0.106338165484977,0.337211943337133,0.57702093657616,0.399686237235014,0.342785096738568,0.309998495610745,0.225677475367286,0.272167793849381,0.301878612456111,0.785691049029278,0.201529093117758,0.225500415987732,0.136960142766533,0.434208915145766,0.258487938575719,0.244248480407867,0.32750674600871,0.211624379972347,0.243902549455733,0.423696526538489,0.166452979049886,0.223272132526865,0.503052312140404,0.222056751206882,0.417618055038256,0.21478047878776,0.303409125480218,0.188985957010149,0.24171967046911,0.196056005738054
0.159715671620671,0.127010474878814,0.252336554582051,0.216517107897719,0.123808851795441,0.338622252648516,0.364413134620719,0.217643060414845,0.324807023506053,0.194313284048861,0.147872961180899,0.290299541040559,0.213196801760455,0.251909793922769,0,0.199023290881764,0.123205577922047,0.112982139881502,0.104735826259504,0.236009233248376,0.221554876515809,0.194070081783668,0.193586033833823,0.401540151314552,0.178265817392534,0.191824755224186,0.274788289912602,0.237416444671371,0.247331140512133,0.17880524438093,0.0989104276317093,0.103799155464958,0.193662185836917,0.186971133466051,0.174719625550123,0.11675405363184,0.226495006379889,0.207841926887744,0.079574575847547,0.287639743667963,0.331803669378758,0.203683811100612,0.301386204848644,0.186846985313867,0.137804209099361,0.260555012783967,0.213899193192083,0.255112680930516,0.289555088405489,0.184861995003447,0.0792636058980612,0.0965198055679653,0.099910854523582,0.231089866586083,0.220160529078827,0.167389865455092,0.18432201352327,0.387098223381454,0.141672812516754,0.147583803964996,0.258586927253666,0.219792698819,0.235240806474812,0.150784265690109,0.103807231450583,0.09530488292788,0.177204269949724,0.171343805840358
0.349246231002142,0.305804453555578,0.248666822003285,0.463035401539041,0.10305224431708,0.394913330448707,0.311840328476871,0.282801966515277,0.238974663513291,0.374045118851435,0.190998728863452,0.456580868824761,0.167808267136514,0.25732772434428,0.199023290881764,0,0.287602226184679,0.114500195164624,0.22836007401578,0.370442179731408,0.761332089053976,0.361191101021797,0.735379839293991,0.382171468051342,0.138640688862665,0.278250914947902,0.43606279565021,0.533124882609304,0.511244975856723,0.461796171864342,0.0844645581610801,0.0985370567268649,0.391857583824664,0.450991274065654,0.378429565887406,0.264438397814202,0.217815760895296,0.450358204623269,0.0866021139937304,0.395747956605619,0.311469580417209,0.302918521438401,0.232878540167342,0.37207438470618,0.177246292128538,0.463555910466681,0.14459265309125,0.252208836883454,0.209386461052452,0.741697965290848,0.255822600015516,0.0862930683181327,0.234153005241337,0.359622303448851,0.733938094762189,0.311338988430031,0.711118576089719,0.392067589175219,0.112396407743888,0.21960030977485,0.397864689830133,0.517912015615854,0.494077218536892,0.494241116478577,0.0796740811580963,0.0851666717278692,0.361625164963354,0.442224493160407
0.510038651147735,0.350246527444492,0.543138877020981,0.30489810208001,0.11315243250157,0.345254931644408,0.396528681576243,0.44478433678687,0.129318993353653,0.303829811035359,0.411915922481262,0.342824187125123,0.0746481179623642,0.416402877971021,0.123205577922047,0.287602226184679,0,0.38707032102508,0.769372673282729,0.34035554257544,0.353739895891997,0.332378813161157,0.551097137253214,0.248254501557096,0.0898144586210189,0.613988598427541,0.565206547605851,0.416181292102278,0.468410256787276,0.686450064417043,0.0760832326318502,0.100705652246273,0.320174540940354,0.473945948592153,0.407773200833604,0.317121557521023,0.340001814839826,0.288100718082519,0.068054326119957,0.297711704788791,0.30420381734073,0.330122134214572,0.0923786315940164,0.29654091621571,0.287959831308486,0.32862631322452,0.0146490802124377,0.269152167433158,0.111013621870851,0.290978119233182,0.551992817857396,0.249960309030872,0.553223742611779,0.326542617466563,0.334198655098564,0.26533320739433,0.44835897001651,0.216718928601194,0.0460337788284106,0.354334298100595,0.422195482127336,0.36948252456697,0.377700962299538,0.505083689593449,0.0395666395899294,0.0505342159206939,0.283449340818676,0.40037281732165
0.299112525122469,0.0416263991608663,0.537569229460725,0.0658087230249936,0.105903097184425,0.194153978940623,0.477028394052335,0.390532996846723,0.178890984727718,0.164403314969674,0.345414537920693,0.120315640190712,0.208241194575953,0.575210607456137,0.112982139881502,0.114500195164624,0.38707032102508,0,0.495197299860253,0.123350649034825,0.149444821052833,0.162507538810792,0.160825846273857,0.157925352604957,0.102527903727222,0.365706828923143,0.448950404243245,0.101396149740371,0.231263838468963,0.287522553506556,0.188553785708986,0.140713192916406,0.139773606848219,0.136338719956331,0.188715688637247,0.0230128573938699,0.241519145027913,0.0616481888077057,0.0656674481808463,0.162208397613728,0.259814714438269,0.239582533764528,0.105777544304101,0.170303637865527,0.191339997231157,0.109808660752989,0.134517093720325,0.351243012266516,0.07250675628041,0.0970340629007976,0.117858590994054,0.469910423390181,0.221879191317861,0.119840655480354,0.14837244798759,0.0689000295787222,0.112704435304445,0.0709701771879113,0.0251490129029362,0.130131155889679,0.232411640442093,0.0769056258952771,0.178479353095304,0.0999012915029496,0.152664842971196,0.0871159567206666,0.127986991757095,0.0830635110620508
0.511591972270815,0.252799346182052,0.486912015084973,0.225489577084099,0.113329437923138,0.297066958435116,0.371266619675299,0.40663731883574,0.127432956406801,0.26788881239283,0.415914513919389,0.264586255353404,0.117358717062068,0.482539125411159,0.104735826259504,0.22836007401578,0.769372673282729,0.495197299860253,0,0.26570587184437,0.276198907587982,0.265774052214833,0.391644808869126,0.190782793321884,0.0945990624092093,0.47452820104117,0.52010885381298,0.287016857688739,0.418662978979704,0.51129245435548,0.124289681547933,0.130474905613034,0.256895380859996,0.36190411614794,0.376460498014296,0.223463275504084,0.246031209107978,0.214373642988878,0.0667510777073869,0.254758399491314,0.232425561497331,0.290040174510413,0.0764224323241995,0.272197661334671,0.270150283798052,0.254854324313898,0.0483246892191101,0.292607313082425,0.0849702322074521,0.228090847941271,0.397641224469106,0.309971842614172,0.530935853841469,0.25533303639032,0.26739366423189,0.18244938065667,0.321196832270807,0.137492690498775,0.0370703609413586,0.215256587274461,0.326851515910538,0.259623893584904,0.335106954982614,0.343509125081149,0.0766544192978723,0.0730981014451568,0.232191916091143,0.300105853002697
0.298342912453848,0.349532935501016,0.316224953018503,0.966592632788259,0.100222859782859,0.503499748073073,0.407233333505964,0.302574631967923,0.326666865883312,0.632487228202173,0.256274547973456,1.04763691747419,0.146520917186467,0.256686321378589,0.236009233248376,0.370442179731408,0.34035554257544,0.123350649034825,0.26570587184437,0,0.458772860863221,0.389367657361478,0.479908508549265,0.502416504892618,0.185588420227539,0.386440926587291,0.396977153270636,0.627240383236022,0.40746795911358,0.438002765681631,0.0662450578847436,0.0803892525180058,0.418495017427576,0.425097701263763,0.325983346687173,0.336472340658448,0.31260547641456,0.905509360905278,0.0755147171187385,0.474971394681513,0.423587201680744,0.304033676892868,0.322013678187126,0.582657854637524,0.24178189336547,0.959626258930083,0.12798293698476,0.258625555094703,0.24329525312437,0.365285249018985,0.329562666620194,0.122698200495514,0.309022717235937,1.24397378530481,0.447780242349909,0.36272013598162,0.475826364403376,0.530499907234474,0.161023672443509,0.3538372572448,0.41872393175151,0.612132538431148,0.373089413831908,0.454365905804115,0.0717947723574345,0.0565436889115131,0.38552152956759,0.418028323289528
0.463396766019091,0.339943569400701,0.314675754094971,0.565030874217281,0.126246567669312,0.468367035654762,0.376323319275541,0.344774317353101,0.280760785242889,0.449416438842863,0.215250180899859,0.564769122886317,0.213652023339588,0.350176355707909,0.221554876515809,0.761332089053976,0.353739895891997,0.149444821052833,0.276198907587982,0.458772860863221,0,0.354626216833569,1.10808954486256,0.410963677826385,0.154782556773492,0.320399818928567,0.525850624361445,0.640964662000711,0.687293435417684,0.593792948137209,0.112709771781208,0.130070931497195,0.505658361130513,0.590046184295468,0.464416106448638,0.29197334251698,0.244808818508162,0.545976260982549,0.102699028000878,0.467540355889318,0.350480223179171,0.348128455082734,0.264820699148883,0.441699470069096,0.191175950166756,0.567488562091496,0.176411894022875,0.310455866839131,0.229459195673917,0.719417488671761,0.271577502452612,0.111675916357874,0.241230934586502,0.437920804342689,1.28914640853331,0.322112201871783,0.975648053083315,0.419429913835376,0.114472724435131,0.229442248233741,0.459989667929148,0.600330089155301,0.626308861281923,0.600036652123766,0.109844823211468,0.108489817238577,0.445471683152165,0.543851737719051
0.255618753595519,0.400642311224081,0.340634931529955,0.363646432421312,0.10454844066415,0.303932495056822,0.441209438302727,0.314627181739456,0.376574911195098,0.342844255045903,0.316793293505741,0.383468268193638,0.159822293873927,0.312817212849398,0.194070081783668,0.361191101021797,0.332378813161157,0.162507538810792,0.265774052214833,0.389367657361478,0.354626216833569,0,0.392601109436077,0.55270667709445,0.267631350865081,0.523159727218126,0.466185394377875,0.420948729684436,0.365588084572735,0.516612923426706,0.0757135569204084,0.0707472121656144,0.361400731311076,0.421446554537759,0.28976012538535,0.358462433640644,0.315523397575148,0.350068319110675,0.0824327401945168,0.282903940723457,0.427578974392102,0.296686414476643,0.340756498652582,0.336988209264576,0.25924136185185,0.372091756970859,0.142281531177324,0.309566389398066,0.172213820051357,0.331675822620905,0.332612433946901,0.136358435812638,0.322296054965998,0.389212926346465,0.336926659466324,0.542740465123279,0.373919729655113,0.526789084141507,0.235627761308535,0.439072249326389,0.47513874571803,0.389474589838127,0.344192065422497,0.472504588956958,0.0789080319343383,0.0505659828581929,0.333346982855924,0.410406785377947
0.471426566189958,0.440689050914935,0.367601811750829,0.565257721358498,0.13069021786163,0.51223655265352,0.350620625999452,0.439188609514044,0.196828745419088,0.465849202372687,0.27462707943825,0.567905310722627,0.137537016442301,0.300952745422366,0.193586033833823,0.735379839293991,0.551097137253214,0.160825846273857,0.391644808869127,0.479908508549265,1.10808954486256,0.392601109436077,0,0.346560140297688,0.105876374339207,0.44703726834264,0.572732542624788,0.784060735558799,0.665833931963242,0.797160837643777,0.063768636812868,0.105975561819258,0.490240810761145,0.666826360544926,0.477346998312151,0.382755461319809,0.290715455975833,0.543082558982706,0.0981116937822244,0.492506596957663,0.335694950221119,0.407050867645467,0.188730347647973,0.451290144387762,0.233170735087572,0.566174299850566,0.0934995288242443,0.247263298702843,0.207301414815495,0.714696902140574,0.458712016428517,0.10172738298965,0.372044667994584,0.458280625108277,0.961595416300127,0.362500140419122,1.15585936311401,0.369296451716659,0.0761405716660062,0.315628019884183,0.504959917384771,0.719248451804571,0.589511645255316,0.789728441363648,0.0481301205823364,0.0777235683636179,0.430163922547246,0.615503399980141
0.338386079011496,0.290342687559811,0.557360872856089,0.476223711701623,0.128528077349579,0.424302710711891,0.915925313259621,0.335935264623313,0.754494262440235,0.38356344042533,0.288091321377421,0.530587371653718,0.361672136045656,0.552324269708485,0.401540151314552,0.382171468051342,0.248254501557096,0.157925352604957,0.190782793321884,0.502416504892618,0.410963677826385,0.55270667709445,0.346560140297688,0,0.386670000681543,0.544155242082985,0.6423970801942,0.47411434331759,0.445489006849285,0.425676987295061,0.227123169143046,0.137899903741613,0.381707997414618,0.349572283779686,0.341151094321128,0.27557732651495,0.477747265516086,0.445954500906624,0.102114654602519,0.397888767624886,0.786906132148795,0.334622180211959,0.663545303659521,0.378570199318151,0.241924332232313,0.496098673486365,0.352629822209642,0.555827820776483,0.356249208397104,0.345660709157238,0.175013926138139,0.146735829491573,0.199191540877846,0.490015144478012,0.397166179273734,0.47832122221602,0.328867807145469,1.18156462686292,0.320085525261561,0.431575738720949,0.6180258584789,0.43095617101263,0.419286622054467,0.337451590899291,0.232464500676913,0.118168501271219,0.348774620455808,0.329574649478471
0.113045635689681,0.184705511751111,0.200054254254719,0.133556739486623,0.0772762078172479,0.137274737980073,0.277766979863311,0.101220797192984,0.343826684704739,0.161628331384998,0.219584273803029,0.165237405592114,0.336320521496764,0.258715719954406,0.178265817392534,0.138640688862665,0.0898144586210189,0.102527903727222,0.0945990624092094,0.185588420227539,0.154782556773492,0.267631350865081,0.105876374339207,0.386670000681543,0,0.231322657198381,0.398713947940999,0.0824235267161135,0.203614783794653,0.103841553838409,0.142695222292438,0.0884006177780464,0.201411849329981,0.173944002085359,0.121881151490446,0.178360118981998,0.147432357229484,0.125718398482532,0.0640206159846655,0.131568859214405,0.231448427710752,0.109831094640615,0.294969474618023,0.162374854828851,0.1709775984427,0.148284040639082,0.294343828962985,0.247828016707653,0.144425679144551,0.121944454123569,0.0439976207720746,0.0732593836379866,0.0939850102402408,0.182229866024375,0.149392293916622,0.225005069360355,0.101916899003836,0.326805126487992,0.36872885954081,0.165810837312794,0.346422568081452,0.0786066005702198,0.195027679292559,0.0762435308945142,0.130513099520023,0.0827583272067865,0.186338548883934,0.168637037749749
0.320988756513367,0.383404089227925,0.744933021959861,0.331108469586327,0.122601037480258,0.33622890476057,0.658390389294018,0.51224097367072,0.30849684694111,0.353779324067291,0.470263010487544,0.374882638563264,0.111951546795174,0.430140187066747,0.191824755224186,0.278250914947902,0.613988598427542,0.365706828923143,0.47452820104117,0.386440926587291,0.320399818928567,0.523159727218126,0.44703726834264,0.544155242082984,0.231322657198381,0,0.680423067287592,0.506381740421253,0.378825397726408,0.770726814214634,0.0938530094398331,0.058015202174363,0.343088071541693,0.433356262673113,0.298565584142924,0.357150379599262,0.555576214131316,0.311315693576863,0.0759802479511686,0.284462364010712,0.564229596184875,0.37968558376719,0.263142955108179,0.337251898952405,0.302115370838821,0.350469063775061,0.0660081798928741,0.341077744231634,0.152078673647451,0.26677913800136,0.463835411367981,0.250759073623342,0.406766749852931,0.378703532128249,0.292944821921441,0.445853059089953,0.359617666479151,0.477996560223638,0.172220849430461,0.792742739817975,0.579044451499016,0.419379180786624,0.305385829019043,0.537282945420605,0.0641087991102448,0.0151504003043977,0.301512145537935,0.373239957658661
0.490651731970423,0.364706432239484,0.768603259849512,0.340152577620144,0.145177113343971,0.383156224567925,0.739057981842899,0.438156707048535,0.472224431688248,0.349445698963044,0.428614038717589,0.407293727584427,0.378534420749862,0.731031370209022,0.274788289912602,0.43606279565021,0.565206547605851,0.448950404243245,0.52010885381298,0.396977153270635,0.525850624361445,0.466185394377875,0.572732542624788,0.6423970801942,0.398713947940999,0.680423067287592,0,0.403670033871927,0.526927599101774,0.566192705491689,0.277229241456031,0.177668600292646,0.396257343776327,0.412618223799637,0.399402536854337,0.300432231434545,0.416732324872445,0.320804948330462,0.108113401396271,0.364142177195392,0.490662643090129,0.364765471800483,0.367927850600228,0.364121252545712,0.274588439222385,0.387091721476509,0.297490216918291,0.520399610025166,0.231081296605759,0.404431017937423,0.269339027454834,0.275799165538929,0.326470008137555,0.383701956316654,0.505183281800636,0.336077005772528,0.498209958642465,0.49353474769498,0.267261995357646,0.346150100377441,0.783632356776841,0.359119313228634,0.475862374477813,0.380976921379501,0.207202056090425,0.1396313980858,0.365625872105369,0.372883330410752
0.355437984523083,0.403752079804777,0.368867568719704,0.77102718537978,0.129685313178792,0.717455865253889,0.509621799795514,0.580639485028977,0.220839711271817,0.662535532233744,0.258633386687919,0.780054847727028,0.0789900951370534,0.249946286471468,0.237416444671371,0.533124882609304,0.416181292102278,0.101396149740371,0.287016857688739,0.627240383236022,0.640964662000711,0.420948729684436,0.784060735558799,0.47411434331759,0.0824235267161135,0.506381740421253,0.403670033871927,0,0.483664793506548,0.822853323093797,0.0274428436656907,0.0798999445860048,0.391107854361518,0.518861218104991,0.388167113244498,0.370459941734091,0.385033826165686,0.741189039948537,0.096878237741997,0.673590056927271,0.532112852630123,0.5631896248389,0.236511653611877,0.626985690355377,0.249559219650745,0.771341332956533,0.0548913793267255,0.257536684169588,0.26418037980209,0.52656380519314,0.453861150112569,0.0838077424353312,0.360006458534668,0.615654322686374,0.600106084148365,0.404914841286918,0.740549444318013,0.538582796459551,0.068938815872712,0.441351439067029,0.424190291817038,1.42724743403203,0.441969574932332,0.836010945744444,0.0343475124405979,0.0525722237963621,0.350997863147312,0.511852902107811
0.692639113530362,0.321113340699078,0.384096014058822,0.472463045633369,0.143299137124064,0.515721265335531,0.45562443444945,0.395824796561912,0.306683746106068,0.448331910974484,0.293251361015762,0.505599477951978,0.235129397470834,0.528725404621564,0.247331140512134,0.511244975856723,0.468410256787276,0.231263838468963,0.418662978979704,0.40746795911358,0.687293435417684,0.365588084572735,0.665833931963242,0.445489006849285,0.203614783794653,0.378825397726408,0.526927599101774,0.483664793506548,0,0.552917765195619,0.143606763489685,0.190276760248018,0.617373596362997,0.559775942504792,0.642561409131347,0.299101841916457,0.301534044569964,0.451736381037843,0.10829530334873,0.483894433284142,0.42384565263256,0.386019796434688,0.284589194310314,0.436679334895973,0.250604110190999,0.492755769897578,0.200271170915943,0.444144570189688,0.243032127270635,0.490201441884059,0.34269436747814,0.184255735950071,0.364969676764862,0.387795107381204,0.6424102334769,0.327042637552955,0.610046920577027,0.441243587688093,0.162448255005108,0.279925587495916,0.481163009441599,0.468940019661658,0.908583922434748,0.506880433251673,0.136510433716441,0.144477081612146,0.483969584734844,0.497967269938759
0.474537116829482,0.451002677941099,0.551400063260552,0.441263610116721,0.138680342366344,0.473655632411374,0.570336344942874,0.652077611500422,0.199526121630444,0.407783860593254,0.394241255973678,0.480628898363645,0.0559722105487089,0.433891727131446,0.17880524438093,0.461796171864342,0.686450064417043,0.287522553506556,0.51129245435548,0.438002765681631,0.593792948137209,0.516612923426706,0.797160837643777,0.425676987295061,0.103841553838409,0.770726814214634,0.566192705491689,0.822853323093797,0.552917765195619,0,0.0488263905392382,0.0806191299502998,0.441883726281339,0.624195971009524,0.449046806686713,0.407077846257764,0.479261860825432,0.419491506556692,0.0953502223613339,0.417095599296837,0.536209263408601,0.528758973198822,0.18679399909414,0.37824349036911,0.324569656471404,0.466402636079044,0.0219593844797179,0.365233768945474,0.172118707862041,0.45639728507647,0.627613205570141,0.245764442864234,0.542413954865467,0.42167840236144,0.525906964567351,0.472584640699708,0.67159235696703,0.43188042915195,0.08036736953075,0.588633231624202,0.552570743843033,0.698319699112965,0.468858288920726,1.02753687132203,0.0462869262838751,0.0489968481564422,0.382213187523955,0.578873022521131
0.16078598981014,0.00543355804284266,0.205126057097222,0.0531251584352397,0.0481212219697868,0.104105337004488,0.264379406754252,0.103114899126995,0.207741496549423,0.0851070372559178,0.109599061462337,0.0781987655210206,0.250552016044526,0.327359332326492,0.0989104276317093,0.0844645581610801,0.0760832326318502,0.188553785708986,0.124289681547933,0.0662450578847436,0.112709771781208,0.0757135569204084,0.063768636812868,0.227123169143046,0.142695222292438,0.0938530094398331,0.277229241456031,0.0274428436656907,0.143606763489685,0.0488263905392382,0,0.105672414975972,0.0776937002503167,0.0429829691424514,0.101015030394708,0,0.0740305810237719,0.0463669510752186,0.03692572570413,0.104194164714355,0.142454737088964,0.08767764637826,0.152526358620931,0.0934396818295836,0.0626804194201515,0.0720056519212219,0.197007149060978,0.235012732512095,0.077344286264535,0.0699926084884137,0,0.125626732393283,0.0228032068692391,0.0619879988813918,0.114431784679441,0.0274326898111382,0.0550129346723127,0.152367911636697,0.0933910531886644,0,0.166061028039233,0.0266737731939856,0.13064066953957,0,0.232260706674162,0.0915834595589737,0.0758259754777176,0.0360099012102344
0.164533403456011,0.0434945449512134,0.13136027338267,0.0861711341271354,0.135242048507284,0.155766886900102,0.175013926033855,0.142930956820595,0.125133533118269,0.103090440813389,0.103995920797225,0.103568058772783,0.143115188144101,0.252816662227834,0.103799155464958,0.0985370567268649,0.100705652246273,0.140713192916406,0.130474905613034,0.0803892525180058,0.130070931497195,0.0707472121656144,0.105975561819258,0.137899903741613,0.0884006177780464,0.058015202174363,0.177668600292646,0.0798999445860048,0.190276760248018,0.0806191299502998,0.105672414975972,0,0.0893751197955567,0.105073192410301,0.136132397948814,0.0363912850679603,0.0736978306318748,0.0847974707465307,0.0519422423737507,0.140119185279761,0.131975361949937,0.131184853329229,0.104653314309261,0.10505062754079,0.0592950283581241,0.0999001985308178,0.127629536635932,0.205808411595539,0.0901726071904926,0.0856902876218667,0.0242791015859373,0.100296649146488,0.0724696857759863,0.077079464518365,0.125051322781341,0.0456380816533594,0.0943976761484652,0.119215711423065,0.0657469338671235,0.0109710767902594,0.137662461649375,0.0814894719423201,0.161985792989145,0.053945597117254,0.103047025656934,0.109126067018988,0.0792813955601057,0.0789605176636069
0.320991465084473,0.319806974284602,0.286344958226678,0.390369286629525,0.103745128003856,0.341741645070356,0.326714338538446,0.267088578100401,0.269544302876948,0.361128330230858,0.247612851260129,0.425957158554961,0.16405322115878,0.279226009746623,0.193662185836917,0.391857583824664,0.320174540940354,0.139773606848219,0.256895380859996,0.418495017427576,0.505658361130513,0.361400731311076,0.490240810761145,0.381707997414618,0.201411849329981,0.343088071541693,0.396257343776327,0.391107854361519,0.617373596362997,0.441883726281339,0.0776937002503167,0.0893751197955567,0,0.492870057570615,0.348383574459423,0.30380691820261,0.273966159301226,0.37735650027866,0.0785476118480728,0.319686420120826,0.338864513539207,0.264809842971723,0.259791466018917,0.342733847805162,0.232634517276614,0.410217150587658,0.145805519682134,0.274039195707856,0.187033318846427,0.379470612668412,0.304489460910806,0.144115301266843,0.292831896262493,0.409761256867834,0.4711941298388,0.347124244060663,0.464653705239851,0.390300499773932,0.177323875522747,0.306680752014459,0.4139556823634,0.376089568237495,0.5308648235015,0.442922471272105,0.0855473880596526,0.0689969537483322,0.511948899631742,0.441243190249568
