0,8.274,9.3887,5.6625,0,8.8563,6.1438,7.7743,7.0609,0,0,0,0,0,0,9.1463,0,0,0,0,0,0,0,0,0,0,0,6.2788,0,0,0,9.9884,6.1746,0,0,0,4.5589,5.4542,0,0,0,0,0,5.0024,0,0,0,0,7.8852,5.8033,0,3.2596,0,0,0,0,0,0,0,0,0,0,0,0,0,0,0,0,0,0,0,0,0,0,0,0,0,0,0,0,0,0,0,0,0,0,0,0,0,0,0,0,0,0,0,0,0,0,0,0
8.274,0,10.397,10.11,10.203,6.8197,0,9.3341,6.5964,0,0,0,0,0,0,9.6673,0,0,0,0,0,0,0,0,7.2208,0,0,0,0,0,5.8255,8.5628,6.533,0,0,0,0,7.8664,0,0,0,6.5535,0,0,0,0,0,0,2.8764,0,0,0,0,0,0,0,0,0,0,0,0,0,0,0,0,0,0,0,0,0,0,0,0,0,0,0,0,0,0,0,0,0,0,0,0,0,0,0,0,0,0,0,0,0,0,0,0,0,1.3728,0
9.3887,10.397,0,6.071,9.8255,10.64,4.8499,7.5149,8.9292,0,0,0,0,0,0,7.5918,0,4.8084,0,0,0,0,0,0,5.2724,0,0,0,0,0,4.7151,8.2511,5.2866,0,0,0,0,0,0,0,0,4.9224,0,0,0,0,0,0,5.9596,0,0,0,0,0,0,0,0,0,0,0,0,0,0,0,0,0,0,0,0,0,0,0,0,0,0,0,0,0,0,0,0,0,0,0,0,0,0,0,0,0,0,0,0,0,0,0,0,0,0,0
5.6625,10.11,6.071,0,9.8084,6.7658,8.4176,10.626,6.0179,0,0,0,0,0,0,9.076,0,0,0,0,0,0,0,0,8.2043,0,0,0,0,0,0,7.1558,0,0,0,0,0,8.2797,0,0,0,0,0,0,5.2576,0,0,0,0,0,0,0,0,7.3909,0,0,0,0,0,0,0,0,0,0,0,0,0,0,0,0,0,0,0,0,0,0,0,0,0,0,0,0,0,0,0,0,0,0,0,0,0,0,0,0,0,0,0,0,0,0
0,10.203,9.8255,9.8084,0,9.3965,0,10.092,10.154,0,0,0,0,0,0,0,0,0,0,0,0,0,0,0,7.593,0,0,0,0,0,5.9061,7.2822,0,0,0,0,0,7.4465,0,0,0,0,0,0,0,0,0,0,5.2445,0,0,0,0,7.9882,6.9782,6.5048,0,8.236,0,0,0,0,0,0,0,0,0,0,0,0,0,0,0,0,0,0,0,0,0,0,0,0,0,0,0,0,0,0,0,0,0,0,0,0,0,0,0,0,3.9687,0
8.8563,6.8197,10.64,6.7658,9.3965,0,0,0,11.409,0,0,0,0,0,0,5.3761,0,0,0,0,0,0,0,0,0,0,0,5.6593,0,0,4.7124,7.7876,0,0,0,7.3741,0,0,0,0,0,4.1449,0,4.4653,0,0,0,0,9.6227,0,0,4.8159,0,6.9965,6.8962,7.3595,0,7.879,0,0,0,0,0,0,0,0,0,0,0,0,0,0,0,0,0,0,0,0,0,0,0,0,0,0,0,0,0,0,0,0,0,0,0,0,0,0,0,0,5.0328,0
6.1438,0,4.8499,8.4176,0,0,0,10.381,5.6866,6.0116,0,0,0,0,0,10.385,0,7.5872,0,0,0,0,0,0,7.0126,0,0,0,0,0,0,7.0293,6.6983,0,0,0,0,8.358,6.1,8.8756,10.01,0,0,0,0,0,0,3.7537,0,0,0,0,0,0,0,0,0,0,0,0,0,0,0,0,0,0,0,0,0,0,0,0,0,0,0,0,0,0,0,0,0,0,0,0,0,0,0,0,0,0,0,0,0,0,0,0,0,0,0,0
7.7743,9.3341,7.5149,10.626,10.092,0,10.381,0,10.12,8.4115,0,0,0,0,0,9.3347,0,9.7996,0,0,0,0,0,0,8.3165,0,0,0,0,0,0,7.2535,6.2822,4.5905,0,6.4213,0,8.678,0,0,7.0276,4.8401,0,0,5.4552,0,0,0,6.8318,0,0,0,0,7.7602,0,6.6285,0,0,0,0,0,0,0,0,0,0,0,0,0,0,0,0,0,0,0,0,0,0,0,5.3713,0,0,0,0,0,0,0,0,6.2651,0,0,0,0,0,0,0,0,0,5.3625,0
7.0609,6.5964,8.9292,6.0179,10.154,11.409,5.6866,10.12,0,0,0,0,0,0,0,0,0,7.8113,0,3.633,0,0,0,0,6.7983,0,0,0,0,0,0,7.2549,0,4.7653,0,8.4802,3.8822,0,0,0,0,3.9677,0,0,0,0,0,0,9.1916,0,0,0,5.2613,0,7.1826,7.4636,0,9.7134,0,0,0,0,0,0,0,0,0,0,0,6.5413,0,0,0,0,0,0,0,0,0,0,0,0,0,0,0,0,4.5646,0,6.6328,0,0,0,0,0,0,0,0,0,6.6988,0
0,0,0,0,0,0,6.0116,8.4115,0,0,9.8307,8.7014,0,0,0,0,0,8.7046,0,0,6.8168,0,0,9.5339,9.3019,8.5185,0,0,0,0,0,0,0,0,6.6598,0,0,9.1622,8.8317,8.6337,8.1904,6.8456,8.04,0,0,0,0,0,0,0,0,0,0,0,0,0,0,0,0,0,0,0,0,0,4.8565,0,0,0,0,0,0,0,0,0,0,0,0,0,0,0,0,0,0,0,0,0,3.3514,0,0,0,0,0,0,0,0,0,0,0,0,0
0,0,0,0,0,0,0,0,0,9.8307,0,10.403,6.5198,7.97,0,0,0,0,0,0,7.3653,0,3.6496,7.7365,9.1162,8.4372,0,0,0,0,0,0,0,0,0,0,0,0,0,4.7974,0,0,0,0,0,0,0,0,0,0,0,0,0,0,0,0,0,0,0,0,0,0,0,0,0,0,0,0,0,0,0,0,0,0,0,0,0,0,0,0,0,0,0,0,0,0,0,0,0,0,0,0,0,0,0,0,0,0,0,0
0,0,0,0,0,0,0,0,0,8.7014,10.403,0,9.3648,7.5284,0,0,9.5836,0,0,0,0,7.76,7.2533,9.3925,9.1364,9.6694,0,0,0,0,0,2.6662,0,0,0,0,0,0,0,4.8706,0,3.6646,0,0,0,0,0,0,0,0,0,0,0,0,0,0,0,0,0,0,0,0,0,0,3.1133,0,0,0,0,0,0,0,0,0,4.002,0,0,5.1834,0,0,0,0,0,0,0,0,0,1.9559,0,0,0,0,0,0,0,0,0,0,0,0
0,0,0,0,0,0,0,0,0,0,6.5198,9.3648,0,10.081,0,0,9.0597,0,7.2103,0,5.5108,8.6481,7.432,4.8074,6.0567,4.4686,0,0,0,0,0,0,0,7.4326,0,0,0,0,0,0,6.9648,0,0,0,0,0,7.0898,0,0,0,0,0,0,0,0,0,0,0,0,0,0,4.1092,0,5.1577,0,5.9685,0,0,0,0,0,5.2894,6.2985,0,0,0,0,5.8374,0,0,0,0,0,0,0,0,0,0,0,0,0,0,0,0,0,0,0,0,0,0
0,0,0,0,0,0,0,0,0,0,7.97,7.5284,10.081,0,9.9886,0,9.1646,7.4525,9.7923,0,8.8897,7.355,9.7485,5.9136,8.4997,0,6.1266,0,0,4.8732,0,0,4.6669,8.1146,0,0,0,0,0,0,7.6393,0,0,0,0,0,8.0096,0,0,0,0,0,0,0,0,0,0,0,0,0,0,5.6916,6.385,7.8546,5.9978,8.1889,0,0,0,0,0,0,7.5595,0,0,0,0,6.809,0,0,0,0,0,0,0,0,0,0,0,0,0,0,0,0,0,0,0,0,0,0
0,0,0,0,0,0,0,0,0,0,0,0,0,9.9886,0,0,0,5.2302,4.9426,7.0153,9.4024,0,9.306,0,7.7265,4.5348,0,8.9922,9.8342,9.4902,0,0,0,0,0,0,9.4791,0,0,0,0,0,0,4.4215,0,5.7408,0,5.7676,0,5.6003,0,0,0,0,0,0,0,0,0,0,0,0,7.0129,8.8784,7.5499,11.707,0,0,0,0,7.9545,0,8.7623,0,6.8259,0,8.1138,9.6781,0,0,0,0,0,0,0,0,8.2033,6.7445,0,0,0,0,0,0,0,0,0,0,0,4.09
9.1463,9.6673,7.5918,9.076,0,5.3761,10.385,9.3347,0,0,0,0,0,0,0,0,0,7.841,0,0,0,7.8667,6.9516,0,0,5.0822,0,0,0,0,0,9.2501,10.029,0,9.074,0,0,7.0424,0,7.8064,9.9141,0,0,0,7.0142,4.9344,8.8081,0,0,0,0,0,0,0,0,0,0,6.6078,0,0,0,0,0,0,0,0,0,0,0,0,0,0,0,0,0,0,0,0,0,0,0,0,0,0,0,0,0,0,0,0,0,0,0,0,0,0,0,0,0,0
0,0,0,0,0,0,0,0,0,0,0,9.5836,9.0597,9.1646,0,0,0,7.4003,9.6588,0,7.9678,6.541,0,8.8807,0,0,0,0,0,0,0,0,0,8.7623,0,0,0,0,0,0,0,0,0,0,0,0,0,0,0,0,0,0,0,0,0,0,0,0,0,0,0,0,0,0,5.434,0,0,5.4741,0,0,0,0,0,0,0,0,0,0,0,0,0,0,0,0,0,0,0,0,0,0,0,0,0,0,0,0,0,0,0,0
0,0,4.8084,0,0,0,7.5872,9.7996,7.8113,8.7046,0,0,0,7.4525,5.2302,7.841,7.4003,0,8.5519,8.7513,9.3935,0,7.0788,0,7.7495,0,0,0,0,5.3964,0,6.0794,5.4624,10.926,5.6131,8.2706,3.0659,0,0,0,10.279,0,0,0,5.8216,0,6.6837,6.2112,5.6377,0,0,0,0,0,0,0,4.4775,0,4.2623,0,0,0,0,0,0,0,0,0,0,0,7.2868,0,0,0,0,0,0,0,0,0,0,0,0,0,0,0,2.2994,0,0,0,0,0,0,0,0,0,0,0,3.3847,0
0,0,0,0,0,0,0,0,0,0,0,0,7.2103,9.7923,4.9426,0,9.6588,8.5519,0,0,8.7898,0,0,6.7688,4.8396,0,0,0,0,0,0,0,0,9.0975,0,0,0,0,0,0,7.435,0,0,0,0,0,0,0,0,0,0,0,0,0,0,0,0,0,0,0,0,0,0,0,5.5653,0,0,0,0,0,0,0,0,0,0,0,0,0,0,0,3.6036,0,0,0,0,0,0,0,0,0,0,0,0,0,0,0,0,0,0,0
0,0,0,0,0,0,0,0,3.633,0,0,0,0,0,7.0153,0,0,8.7513,0,0,8.0715,0,5.4663,0,0,0,5.73,7.1329,8.4903,0,0,0,0,0,0,7.7312,7.0917,0,0,0,0,0,0,0,0,6.843,0,4.8475,0,8.6317,0,0,0,0,0,0,0,0,5.7775,0,0,0,0,0,0,7.1107,0,0,0,7.9858,9.7942,0,0,0,0,0,6.5046,0,0,0,0,0,0,0,0,0,6.8276,0,8.5388,0,5.843,0,0,0,0,0,0,0,0,5.7113
0,0,0,0,0,0,0,0,0,6.8168,7.3653,0,5.5108,8.8897,9.4024,0,7.9678,9.3935,8.7898,8.0715,0,0,7.6824,6.778,8.1946,0,0,0,6.6485,7.0507,0,0,3.3743,9.0386,0,0,5.1069,0,0,0,0,0,0,0,0,0,0,0,0,0,0,0,0,0,0,0,0,0,0,0,0,0,0,5.5611,7.5629,8.4313,0,5.9979,6.2585,0,9.2602,0,0,0,6.0343,0,6.0565,0,0,0,0,0,0,0,0,0,4.5685,0,0,0,0,0,0,0,0,0,0,0,0,0
0,0,0,0,0,0,0,0,0,0,0,7.76,8.6481,7.355,0,7.8667,6.541,0,0,0,0,0,9.5582,0,0,7.3739,0,0,0,7.5554,0,0,8.3215,7.5113,9.859,0,0,6.6911,7.8601,7.0564,7.6802,0,8.594,0,0,8.8661,10.21,8.7347,0,0,0,0,0,0,0,0,0,0,0,0,0,0,0,0,0,0,0,0,0,0,0,6.2859,0,0,0,0,0,6.3538,0,0,0,0,0,0,0,0,0,0,0,0,0,0,0,0,0,0,5.7607,5.8231,0,0
0,0,0,0,0,0,0,0,0,0,3.6496,7.2533,7.432,9.7485,9.306,6.9516,0,7.0788,0,5.4663,7.6824,9.5582,0,0,0,8.05,7.3304,0,0,8.6331,0,4.3584,0,0,6.2098,0,0,0,0,0,7.6241,0,0,0,0,7.8018,9.3229,9.3232,0,0,0,0,0,0,0,0,0,0,0,0,4.7973,0,6.2377,5.8461,0,6.0446,0,0,0,0,0,7.5821,8.8314,0,0,0,0,0,0,0,0,0,0,0,0,7.8062,0,4.1958,0,0,0,0,0,0,0,0,6.6128,7.1778,0,0
0,0,0,0,0,0,0,0,0,9.5339,7.7365,9.3925,4.8074,5.9136,0,0,8.8807,0,6.7688,0,6.778,0,0,0,7.371,6.9521,0,0,0,0,0,0,0,8.0778,0,0,0,7.8247,8.2729,8.976,9.1422,4.5849,6.0231,0,0,0,0,0,0,0,0,0,0,0,0,0,0,0,0,0,0,0,0,4.7538,0,0,0,0,4.1555,0,0,0,0,0,0,0,0,0,0,0,0,0,0,0,0,0,0,0,0,0,0,0,0,0,0,0,0,0,0,0
0,7.2208,5.2724,8.2043,7.593,0,7.0126,8.3165,6.7983,9.3019,9.1162,9.1364,6.0567,8.4997,7.7265,0,0,7.7495,4.8396,0,8.1946,0,0,7.371,0,9.5961,0,4.1899,0,0,6.4786,10.06,0,5.2264,4.9612,5.6589,0,9.3741,0,0,6.7592,9.0054,7.2782,0,5.9126,8.0472,0,0,0,0,0,0,0,0,0,0,0,0,0,0,0,0,0,0,0,0,0,0,0,0,0,0,0,0,0,0,0,4.8366,1.081,0,0,0,0,0,0,0,2.1586,3.5333,0,0,0,0,0,0,0,0,0,0,0,0
0,0,0,0,0,0,0,0,0,8.5185,8.4372,9.6694,4.4686,0,4.5348,5.0822,0,0,0,0,0,7.3739,8.05,6.9521,9.5961,0,6.6843,5.8725,0,7.4242,2.1999,0,0,0,0,0,0,6.4628,7.2645,0,0,9.5822,9.7562,0,5.2733,9.093,0,7.4769,0,0,0,0,0,0,0,0,0,0,0,0,0,0,0,0,0,0,0,0,0,0,0,0,0,0,0,0,0,5.7905,0,0,0,0,0,0,0,0,0,4.8232,0,0,0,0,0,0,0,0,0,4.5696,0,0
0,0,0,0,0,0,0,0,0,0,0,0,0,6.1266,0,0,0,0,0,5.73,0,0,7.3304,0,0,6.6843,0,3.8858,0,0,0,0,0,0,9.5458,4.0786,0,0,0,0,0,5.2669,7.3321,0,9.067,9.6641,8.7533,9.5545,0,4.9869,0,0,0,0,0,0,0,0,0,0,0,0,0,0,0,0,0,0,0,0,0,0,0,0,0,4.0495,0,0,0,0,0,0,0,7.3425,8.4909,7.0359,0,5.4239,0,0,0,0,0,0,5.9763,5.638,9.1457,7.2593,0,0
6.2788,0,0,0,0,5.6593,0,0,0,0,0,0,0,0,8.9922,0,0,0,0,7.1329,0,0,0,0,4.1899,5.8725,3.8858,0,9.1545,9.658,8.2963,5.9003,0,0,0,6.4306,8.4829,0,0,0,0,5.4285,5.1564,9.68,6.3599,9.9588,0,0,7.8339,9.2589,0,0,0,0,0,0,0,0,0,1.7816,2.4291,0,0,0,0,6.2802,0,0,0,0,0,4.0307,4.0646,0,0,0,0,9.2125,4.0579,0,0,0,0,0,5.0819,6.1924,4.5999,9.9205,0,0,0,0,0,0,3.0156,6.1641,9.5496,6.544,0,0
0,0,0,0,0,0,0,0,0,0,0,0,0,0,9.8342,0,0,0,0,8.4903,6.6485,0,0,0,0,0,0,9.1545,0,0,0,0,0,0,0,3.6322,8.8516,0,0,0,0,0,0,6.6247,6.5965,7.5856,0,0,0,8.1823,0,0,0,0,0,0,0,0,0,0,0,0,0,3.422,0,8.3054,0,0,0,0,8.061,0,0,0,0,0,6.841,0,0,0,0,0,0,0,0,0,6.5866,0,5.8149,0,0,0,0,0,0,0,0,0,0,0
0,0,0,0,0,0,0,0,0,0,0,0,0,4.8732,9.4902,0,0,5.3964,0,0,7.0507,7.5554,8.6331,0,0,7.4242,0,9.658,0,0,0,0,0,0,0,0,4.5004,0,0,0,0,0,0,0,0,8.3968,0,5.261,0,6.0172,0,0,0,0,0,0,0,0,0,0,5.1859,0,6.113,5.9743,0,8.6168,0,0,0,0,0,7.3055,9.2305,0,0,0,3.3619,11.319,0,0,0,0,0,0,0,7.8814,0,8.1832,0,0,0,0,0,0,0,0,8.7205,7.8438,0,0
0,5.8255,4.7151,0,5.9061,4.7124,0,0,0,0,0,0,0,0,0,0,0,0,0,0,0,0,0,0,6.4786,2.1999,0,8.2963,0,0,0,6.5919,0,0,0,0,6.6059,5.3376,0,0,0,9.9816,9.5094,10.876,9.8104,6.8397,0,0,6.0229,7.465,0,0,0,0,0,0,0,0,0,0,0,0,0,0,0,0,0,0,0,0,0,0,0,0,0,2.6805,0,0,9.3053,2.834,0,0,7.1454,0,0,0,0,5.0102,0,0,0,0,0,4.8276,0,9.1739,0,0,0,0
9.9884,8.5628,8.2511,7.1558,7.2822,7.7876,7.0293,7.2535,7.2549,0,0,2.6662,0,0,0,9.2501,0,6.0794,0,0,0,0,4.3584,0,10.06,0,0,5.9003,0,0,6.5919,0,9.7964,0,0,0,0,9.878,5.6194,0,6.7774,8.0895,6.9157,0,5.8428,5.5016,0,0,6.8709,0,0,0,0,0,0,0,0,0,0,0,0,0,0,0,0,0,0,0,0,0,0,0,0,0,0,0,0,0,0,6.3067,0,0,0,0,0,0,0,0,0,0,0,0,0,0,0,0,0,0,0,0
6.1746,6.533,5.2866,0,0,0,6.6983,6.2822,0,0,0,0,0,4.6669,0,10.029,0,5.4624,0,0,3.3743,8.3215,0,0,0,0,0,0,0,0,0,9.7964,0,5.4825,8.9017,0,0,9.7332,8.9221,8.0239,8.9465,6.1565,8.3792,0,0,0,0,0,0,5.3653,0,0,0,0,0,0,0,0,0,0,0,0,0,0,0,0,0,0,0,0,0,0,0,0,0,0,0,0,0,0,0,0,0,0,0,0,0,0,0,0,0,0,0,0,0,0,0,0,0,0
0,0,0,0,0,0,0,4.5905,4.7653,0,0,0,7.4326,8.1146,0,0,8.7623,10.926,9.0975,0,9.0386,7.5113,0,8.0778,5.2264,0,0,0,0,0,0,0,5.4825,0,0,6.3977,0,4.8239,0,0,9.8067,0,5.5202,0,5.6292,0,8.1162,0,0,0,0,0,0,0,0,0,0,0,0,0,0,0,0,0,0,0,0,0,0,4.7954,5.6812,0,0,0,0,0,0,0,0,0,4.6532,0,0,0,0,0,0,0,0,0,0,0,0,0,0,0,0,0,0,0
0,0,0,0,0,0,0,0,0,6.6598,0,0,0,0,0,9.074,0,5.6131,0,0,0,9.859,6.2098,0,4.9612,0,9.5458,0,0,0,0,0,8.9017,0,0,0,0,6.8914,0,6.7638,7.5955,0,10.063,0,8.194,8.5916,9.6749,8.0897,0,0,0,0,0,0,0,0,0,0,0,0,0,0,0,0,0,0,0,0,0,0,0,0,0,0,0,0,0,0,4.8468,0,0,0,0,7.113,7.8821,7.5964,0,4.4349,0,0,0,0,0,0,6.1323,5.6821,8.356,6.8145,0,0
0,0,0,0,0,7.3741,0,6.4213,8.4802,0,0,0,0,0,0,0,0,8.2706,0,7.7312,0,0,0,0,5.6589,0,4.0786,6.4306,3.6322,0,0,0,0,6.3977,0,0,0,0,0,0,0,0,0,0,0,0,0,0,9.4032,9.0558,0,0,0,0,0,4.5469,0,7.0326,0,0,0,0,0,0,0,0,0,0,0,6.8059,5.0044,0,0,0,0,0,0,0,0,0,0,0,0,0,0,0,4.8633,0,7.2527,0,0,0,0,0,0,0,0,0,4.7423,4.6422
4.5589,0,0,0,0,0,0,0,3.8822,0,0,0,0,0,9.4791,0,0,3.0659,0,7.0917,5.1069,0,0,0,0,0,0,8.4829,8.8516,4.5004,6.6059,0,0,0,0,0,0,0,0,0,3.9257,0,0,7.3508,0,6.2781,0,0,8.8303,9.8206,2.4258,0,0,0,0,2.789,2.5043,5.0724,4.4904,0,0,0,0,-0.21205,0,8.077,0,0,0,4.8824,6.8745,0,0,0,2.2794,2.5885,6.5329,4.3402,0,0,0,1.9127,0,0,0,0,8.8236,5.2798,6.9338,0,0,0,0,0,0,0,0,0,5.0308,6.1499
5.4542,7.8664,0,8.2797,7.4465,0,8.358,8.678,0,9.1622,0,0,0,0,0,7.0424,0,0,0,0,0,6.6911,0,7.8247,9.3741,6.4628,0,0,0,0,5.3376,9.878,9.7332,4.8239,6.8914,0,0,0,10.258,8.173,8.4278,7.2714,7.1133,0,0,0,0,0,0,0,0,0,0,0,0,0,0,0,0,0,0,0,0,0,0,0,0,0,0,0,0,0,0,0,0,0,0,0,0,0,0,0,0,0,0,0,0,0,0,0,0,0,0,0,0,0,0,0,0,0
0,0,0,0,0,0,6.1,0,0,8.8317,0,0,0,0,0,0,0,0,0,0,0,7.8601,0,8.2729,0,7.2645,0,0,0,0,0,5.6194,8.9221,0,0,0,0,10.258,0,10.07,9.6038,6.2227,8.0379,0,0,0,0,0,0,0,0,0,0,0,0,0,0,0,0,0,0,0,0,0,0,0,0,0,0,0,0,0,0,0,0,0,0,0,0,0,0,0,0,0,0,0,0,0,0,0,0,0,0,0,0,0,0,0,0,0
0,0,0,0,0,0,8.8756,0,0,8.6337,4.7974,4.8706,0,0,0,7.8064,0,0,0,0,0,7.0564,0,8.976,0,0,0,0,0,0,0,0,8.0239,0,6.7638,0,0,8.173,10.07,0,10.534,0,0,0,0,0,0,0,0,0,0,0,0,0,0,0,0,0,0,0,0,0,0,0,0,0,0,0,0,0,4.356,0,0,0,0,0,0,0,0,0,0,0,0,0,0,0,0,0,0,0,0,0,0,0,0,0,0,0,0,0
0,0,0,0,0,0,10.01,7.0276,0,8.1904,0,0,6.9648,7.6393,0,9.9141,0,10.279,7.435,0,0,7.6802,7.6241,9.1422,6.7592,0,0,0,0,0,0,6.7774,8.9465,9.8067,7.5955,0,3.9257,8.4278,9.6038,10.534,0,4.1989,6.146,0,0,0,8.6016,0,0,0,0,0,0,0,0,0,0,0,0,0,0,0,0,0,0,0,0,0,0,0,0,0,0,0,0,0,0,0,0,0,0,0,0,0,0,0,0,0,0,0,0,0,0,0,0,0,0,0,0,0
0,6.5535,4.9224,0,0,4.1449,0,4.8401,3.9677,6.8456,0,3.6646,0,0,0,0,0,0,0,0,0,0,0,4.5849,9.0054,9.5822,5.2669,5.4285,0,0,9.9816,8.0895,6.1565,0,0,0,0,7.2714,6.2227,0,4.1989,0,10.022,6.9003,8.3092,0,0,0,0,4.7848,0,0,0,0,0,0,0,0,0,0,0,0,0,0,0,0,0,0,0,0,0,0,0,0,0,0,0,0,4.6971,0,0,0,0,0,0,0,0,0,0,0,0,0,0,0,0,4.8281,3.89,0,0,0
0,0,0,0,0,0,0,0,0,8.04,0,0,0,0,0,0,0,0,0,0,0,8.594,0,6.0231,7.2782,9.7562,7.3321,5.1564,0,0,9.5094,6.9157,8.3792,5.5202,10.063,0,0,7.1133,8.0379,0,6.146,10.022,0,5.8269,9.5892,8.7335,0,7.4436,0,0,0,0,0,0,0,0,0,0,0,0,0,0,0,0,0,0,0,0,0,0,0,0,0,0,0,0,0,0,5.9863,0,0,0,6.7657,5.3634,5.955,0,0,0,0,0,0,0,0,0,4.8662,5.9522,6.6538,0,0,0
5.0024,0,0,0,0,4.4653,0,0,0,0,0,0,0,0,4.4215,0,0,0,0,0,0,0,0,0,0,0,0,9.68,6.6247,0,10.876,0,0,0,0,0,7.3508,0,0,0,0,6.9003,5.8269,0,8.9713,9.7565,0,0,7.4244,8.6259,0,0,0,0,0,0,0,0,0,0,0,0,0,0,0,0,0,0,0,0,0,0,0,0,0,2.0658,0,4.5739,8.8054,0,0,0,8.1901,0,0,0,0,6.4572,0,0,0,0,0,4.629,0,10.289,8.3614,0,0,0
0,0,0,5.2576,0,0,0,5.4552,0,0,0,0,0,0,0,7.0142,0,5.8216,0,0,0,0,0,0,5.9126,5.2733,9.067,6.3599,6.5965,0,9.8104,5.8428,0,5.6292,8.194,0,0,0,0,0,0,8.3092,9.5892,8.9713,0,9.1682,6.8992,7.2647,0,6.355,0,0,0,0,0,0,0,0,0,0,0,0,0,0,0,0,0,0,0,0,0,0,0,0,0,0,0,0,9.0832,0,0,0,9.5755,6.0093,6.7086,0,0,5.7894,0,0,0,0,0,0,4.6881,10.002,8.7582,0,0,0
0,0,0,0,0,0,0,0,0,0,0,0,0,0,5.7408,4.9344,0,0,0,6.843,0,8.8661,7.8018,0,8.0472,9.093,9.6641,9.9588,7.5856,8.3968,6.8397,5.5016,0,0,8.5916,0,6.2781,0,0,0,0,0,8.7335,9.7565,9.1682,0,7.3077,10.179,7.7346,8.4717,0,0,0,0,0,0,0,0,0,0,0,0,0,0,0,0,0,0,0,0,0,5.8535,6.1762,0,0,5.879,0,8.7199,0,0,0,0,8.1373,0,9.0748,8.7234,0,9.8263,0,0,0,0,0,1.3298,6.2788,9.3937,11.513,9.0862,0,0
0,0,0,0,0,0,0,0,0,0,0,0,7.0898,8.0096,0,8.8081,0,6.6837,0,0,0,10.21,9.3229,0,0,0,8.7533,0,0,0,0,0,0,8.1162,9.6749,0,0,0,0,0,8.6016,0,0,0,6.8992,7.3077,0,9.6278,0,0,0,0,0,0,0,0,0,0,0,0,0,0,0,0,0,0,0,0,0,0,0,6.7098,6.7058,0,0,0,0,7.1492,0,0,0,0,0,4.617,6.3561,8.7712,0,0,0,0,0,0,0,0,4.6633,0,8.2311,8.1762,0,0
0,0,0,0,0,0,3.7537,0,0,0,0,0,0,0,5.7676,0,0,6.2112,0,4.8475,0,8.7347,9.3232,0,0,7.4769,9.5545,0,0,5.261,0,0,0,0,8.0897,0,0,0,0,0,0,0,7.4436,0,7.2647,10.179,9.6278,0,0,0,0,0,0,0,0,0,0,0,0,0,0,0,0,0,0,0,0,0,0,0,0,6.0295,5.9783,0,0,0,0,6.74,0,0,0,0,0,0,6.9186,8.2794,0,6.2509,0,0,0,0,0,0,4.9006,0,8.3419,8.2304,0,0
7.8852,2.8764,5.9596,0,5.2445,9.6227,0,6.8318,9.1916,0,0,0,0,0,0,0,0,5.6377,0,0,0,0,0,0,0,0,0,7.8339,0,0,6.0229,6.8709,0,0,0,9.4032,8.8303,0,0,0,0,0,0,7.4244,0,7.7346,0,0,0,9.0695,0,0,1.1554,0,4.5543,5.7218,3.5438,7.055,0,0,0,0,0,0,0,0,3.3233,0,0,4.7921,0,0,0,0,0,0,0,0,0,0,0,0,0,0,0,0,3.9602,0,5.067,0,0,0,0,0,0,0,0,0,6.2097,0
5.8033,0,0,0,0,0,0,0,0,0,0,0,0,0,5.6003,0,0,0,0,8.6317,0,0,0,0,0,0,4.9869,9.2589,8.1823,6.0172,7.465,0,5.3653,0,0,9.0558,9.8206,0,0,0,0,4.7848,0,8.6259,6.355,8.4717,0,0,9.0695,0,0,0,0,0,0,0,0,3.6548,0,0,0,0,0,0,0,0,0,0,0,0,7.4418,0,0,0,0,0,0,0,0,0,0,0,0,0,0,0,6.9614,0,0,0,0,0,0,0,0,4.3682,0,0,3.682,5.6509
0,0,0,0,0,0,0,0,0,0,0,0,0,0,0,0,0,0,0,0,0,0,0,0,0,0,0,0,0,0,0,0,0,0,0,0,2.4258,0,0,0,0,0,0,0,0,0,0,0,0,0,0,9.7973,9.8834,7.1468,6.5902,8.8297,8.7119,8.3598,6.1149,0,0,0,0,0,0,0,7.4933,0,0,0,0,0,0,0,0,5.3881,0,0,4.575,10.385,0,6.1888,0,0,5.5191,0,4.5981,0,0,0,6.6127,5.2689,0,0,2.8949,0,6.2442,0,7.63,6.2351
3.2596,0,0,0,0,4.8159,0,0,0,0,0,0,0,0,0,0,0,0,0,0,0,0,0,0,0,0,0,0,0,0,0,0,0,0,0,0,0,0,0,0,0,0,0,0,0,0,0,0,0,0,9.7973,0,9.598,10.262,10.374,9.4658,8.9035,9.157,0,0,0,0,0,0,0,0,0,0,0,0,0,0,0,0,0,7.5766,0,0,0,8.6471,0,0,0,0,0,0,0,0,0,0,5.7102,0,0,0,0,0,0,0,4.7208,0
0,0,0,0,0,0,0,0,5.2613,0,0,0,0,0,0,0,0,0,0,0,0,0,0,0,0,0,0,0,0,0,0,0,0,0,0,0,0,0,0,0,0,0,0,0,0,0,0,0,1.1554,0,9.8834,9.598,0,0,0,5.7301,10.435,0,0,0,0,0,5.571,0,0,0,10.449,0,0,6.7591,0,0,6.2819,5.0252,0,7.242,0,0,5.0651,9.3607,0,7.9979,7.2352,7.0232,0,8.0587,0,0,0,6.8255,9.0185,7.7461,0,5.3966,0,0,0,6.5418,0,0
0,0,0,7.3909,7.9882,6.9965,0,7.7602,0,0,0,0,0,0,0,0,0,0,0,0,0,0,0,0,0,0,0,0,0,0,0,0,0,0,0,0,0,0,0,0,0,0,0,0,0,0,0,0,0,0,7.1468,10.262,0,0,9.7696,7.4155,10.531,9.6803,0,0,0,0,0,0,0,0,0,0,0,0,0,0,0,0,0,9.1368,0,0,0,8.1658,0,0,6.3,0,0,0,0,0,0,0,6.8686,8.2135,0,6.5881,0,0,0,0,0,0
0,0,0,0,6.9782,6.8962,0,0,7.1826,0,0,0,0,0,0,0,0,0,0,0,0,0,0,0,0,0,0,0,0,0,0,0,0,0,0,0,0,0,0,0,0,0,0,0,0,0,0,0,4.5543,0,6.5902,10.374,0,9.7696,0,10.807,4.583,11.335,0,0,0,0,0,0,0,0,0,0,0,0,0,0,0,0,0,0,0,0,0,7.3814,0,0,0,0,0,0,0,0,0,0,0,5.8221,0,0,0,0,0,0,5.6676,0
0,0,0,0,6.5048,7.3595,0,6.6285,7.4636,0,0,0,0,0,0,0,0,0,0,0,0,0,0,0,0,0,0,0,0,0,0,0,0,0,0,4.5469,2.789,0,0,0,0,0,0,0,0,0,0,0,5.7218,0,8.8297,9.4658,5.7301,7.4155,10.807,0,0,10.695,0,0,0,0,0,0,0,0,0,0,0,0,0,0,0,0,0,4.5653,0,0,4.246,7.2213,0,0,0,0,0,0,5.7081,6.2783,8.3776,0,0,0,0,0,0,5.6145,5.7883,0,9.4892,6.191
0,0,0,0,0,0,0,0,0,0,0,0,0,0,0,0,0,4.4775,0,0,0,0,0,0,0,0,0,0,0,0,0,0,0,0,0,0,2.5043,0,0,0,0,0,0,0,0,0,0,0,3.5438,0,8.7119,8.9035,10.435,10.531,4.583,0,0,10.381,7.4908,0,0,0,0,0,0,0,8.6883,0,0,9.7617,0,0,0,0,0,7.6822,0,0,0,7.6719,0,0,5.0605,0,5.4761,0,0,0,0,0,6.5705,7.7608,6.6341,0,0,0,0,0,0,0
0,0,0,0,8.236,7.879,0,0,9.7134,0,0,0,0,0,0,6.6078,0,0,0,0,0,0,0,0,0,0,0,0,0,0,0,0,0,0,0,7.0326,5.0724,0,0,0,0,0,0,0,0,0,0,0,7.055,3.6548,8.3598,9.157,0,9.6803,11.335,10.695,10.381,0,8.2244,0,0,0,0,0,0,0,0,0,2.543,8.8012,0.73321,0,0,0,0,8.1527,0,0,0,7.2839,0,0,0,0,0,0,0,0,8.8379,0,0,7.7924,0,0,0,0,0,0,8.668,5.6148
0,0,0,0,0,0,0,0,0,0,0,0,0,0,0,0,0,4.2623,0,5.7775,0,0,0,0,0,0,0,0,0,0,0,0,0,0,0,0,4.4904,0,0,0,0,0,0,0,0,0,0,0,0,0,6.1149,0,0,0,0,0,7.4908,8.2244,0,9.978,6.6301,0,0,0,0,0,7.3517,0,0,8.4344,6.3784,0,0,8.1836,9.4453,9.0249,0,0,0,0,5.3562,7.5919,0,0,0,0,5.5473,0,0,0,5.6809,9.5234,9.2944,7.172,7.231,0,0,0,0,4.5289
0,0,0,0,0,0,0,0,0,0,0,0,0,0,0,0,0,0,0,0,0,0,0,0,0,0,0,1.7816,0,0,0,0,0,0,0,0,0,0,0,0,0,0,0,0,0,0,0,0,0,0,0,0,0,0,0,0,0,0,9.978,0,10.127,6.9326,0,8.1217,8.3867,0,0,5.8615,5.4905,0,0,3.3385,0,0,9.2615,9.3848,0,0,0,0,4.8622,4.102,0,0,0,0,0,0,0,3.4521,0,0,0,3.7589,0,0,0,0,0,0
0,0,0,0,0,0,0,0,0,0,0,0,0,0,0,0,0,0,0,0,0,0,4.7973,0,0,0,0,2.4291,0,5.1859,0,0,0,0,0,0,0,0,0,0,0,0,0,0,0,0,0,0,0,0,0,0,0,0,0,0,0,0,6.6301,10.127,0,9.1301,6.3491,6.2545,0,0,0,8.4314,6.1267,0,0,7.8159,6.7354,0,9.5975,9.6744,0,5.9637,0,0,5.4744,0,0,0,0,0,0,0,0,0,0,0,0,0,0,0,0,0,0,0
0,0,0,0,0,0,0,0,0,0,0,0,4.1092,5.6916,0,0,0,0,0,0,0,0,0,0,0,0,0,0,0,0,0,0,0,0,0,0,0,0,0,0,0,0,0,0,0,0,0,0,0,0,0,0,0,0,0,0,0,0,0,6.9326,9.1301,0,9.6678,9.0875,7.596,0,0,9.0603,7.0757,0,4.4116,7.8397,5.2011,0,7.045,6.3042,0,0,0,0,0,0,0,0,0,5.0866,0,0,0,0,0,0,0,0,0,0,0,0,0,0
0,0,0,0,0,0,0,0,0,0,0,0,0,6.385,7.0129,0,0,0,0,0,0,0,6.2377,0,0,0,0,0,0,6.113,0,0,0,0,0,0,0,0,0,0,0,0,0,0,0,0,0,0,0,0,0,0,5.571,0,0,0,0,0,0,0,6.3491,9.6678,0,10.21,7.3101,5.7831,0,5.5213,7.1061,6.1245,0,8.1748,8.4807,0,0,0,0,0,0,0,0,0,0,0,0,6.6969,0,0,0,4.4099,0,0,0,0,0,0,0,3.9626,0,0
0,0,0,0,0,0,0,0,0,0,0,0,5.1577,7.8546,8.8784,0,0,0,0,0,5.5611,0,5.8461,4.7538,0,0,0,0,3.422,5.9743,0,0,0,0,0,0,-0.21205,0,0,0,0,0,0,0,0,0,0,0,0,0,0,0,0,0,0,0,0,0,0,8.1217,6.2545,9.0875,10.21,0,9.6395,9.6383,0,9.6062,7.313,0,6.6325,0,9.5946,0,0,8.5935,0,5.6205,0,0,0,6.706,0,0,5.8902,7.401,0,0,0,0,0,0,0,0,0,0,0,7.6035,0,0
0,0,0,0,0,0,0,0,0,4.8565,0,3.1133,0,5.9978,7.5499,0,5.434,0,5.5653,0,7.5629,0,0,0,0,0,0,0,0,0,0,0,0,0,0,0,0,0,0,0,0,0,0,0,0,0,0,0,0,0,0,0,0,0,0,0,0,0,0,8.3867,0,7.596,7.3101,9.6395,0,8.6373,0,9.4088,8.7966,7.6042,8.8924,0,0,0,0,8.3267,0,4.2214,0,0,0,0,0,0,0,0,0,0,0,0,0,0,0,0,0,0,0,0,0,0
0,0,0,0,0,0,0,0,0,0,0,0,5.9685,8.1889,11.707,0,0,0,0,7.1107,8.4313,0,6.0446,0,0,0,0,6.2802,8.3054,8.6168,0,0,0,0,0,0,8.077,0,0,0,0,0,0,0,0,0,0,0,0,0,0,0,0,0,0,0,0,0,0,0,0,0,5.7831,9.6383,8.6373,0,0,0,0,0,9.0413,0,8.9519,0,0,7.5999,9.9823,9.8623,0,0,0,0,0,0,0,0,9.6464,8.5527,5.4558,0,0,0,0,0,0,4.2861,0,0,0,0
0,0,0,0,0,0,0,0,0,0,0,0,0,0,0,0,0,0,0,0,0,0,0,0,0,0,0,0,0,0,0,0,0,0,0,0,0,0,0,0,0,0,0,0,0,0,0,0,3.3233,0,7.4933,0,10.449,0,0,0,8.6883,0,7.3517,0,0,0,0,0,0,0,0,0,5.3067,8.8898,0,0,0,9.1394,0,6.7797,0,0,0,7.6358,6.1847,9.305,7.0238,7.4907,6.7149,7.9561,0,0,0,9.6343,8.9168,7.6879,7.7187,0,0,0,5.3877,0,0,0
0,0,0,0,0,0,0,0,0,0,0,0,0,0,0,0,5.4741,0,0,0,5.9979,0,0,0,0,0,0,0,0,0,0,0,0,0,0,0,0,0,0,0,0,0,0,0,0,0,0,0,0,0,0,0,0,0,0,0,0,0,0,5.8615,8.4314,9.0603,5.5213,9.6062,9.4088,0,0,0,9.6163,0,6.2294,6.8925,0,0,9.1628,6.1492,0,0,0,0,7.3423,0,0,0,0,0,0,0,0,0,0,0,0,0,0,0,0,0,0,0
0,0,0,0,0,0,0,0,0,0,0,0,0,0,0,0,0,0,0,0,6.2585,0,0,4.1555,0,0,0,0,0,0,0,0,0,0,0,0,0,0,0,0,0,0,0,0,0,0,0,0,0,0,0,0,0,0,0,0,0,2.543,0,5.4905,6.1267,7.0757,7.1061,7.313,8.7966,0,5.3067,9.6163,0,9.6591,7.0274,7.583,0,0,7.6774,6.6075,0,0,0,0,9.5373,9.4898,0,0,0,7.7327,0,0,0,0,0,0,0,0,0,0,0,5.0774,0,0
0,0,0,0,0,0,0,0,6.5413,0,0,0,0,0,0,0,0,0,0,7.9858,0,0,0,0,0,0,0,0,0,0,0,0,0,4.7954,0,6.8059,4.8824,0,0,0,0,0,0,0,0,0,0,0,4.7921,0,0,0,6.7591,0,0,0,9.7617,8.8012,8.4344,0,0,0,6.1245,0,7.6042,0,8.8898,0,9.6591,0,9.362,0,6.6299,0,0,7.819,4.2101,5.4889,0,0,0,10.271,0,0,0,6.8669,0,0,8.6188,5.7669,0,0,0,0,0,0,0,6.3799,0,0
0,0,0,0,0,0,0,0,0,0,0,0,0,0,7.9545,0,0,7.2868,0,9.7942,9.2602,0,0,0,0,0,0,0,8.061,0,0,0,0,5.6812,0,5.0044,6.8745,0,0,4.356,0,0,0,0,0,0,0,0,0,7.4418,0,0,0,0,0,0,0,0.73321,6.3784,0,0,4.4116,0,6.6325,8.8924,9.0413,0,6.2294,7.0274,9.362,0,0,0,0,0,7.2723,8.922,8.0907,0,0,6.2745,0,0,0,0,0,7.3009,6.204,8.7681,0,0,0,0,0,0,0,6.5054,0,0,0
0,0,0,0,0,0,0,0,0,0,0,0,5.2894,0,0,0,0,0,0,0,0,6.2859,7.5821,0,0,0,0,4.0307,0,7.3055,0,0,0,0,0,0,0,0,0,0,0,0,0,0,0,5.8535,6.7098,6.0295,0,0,0,0,0,0,0,0,0,0,0,3.3385,7.8159,7.8397,8.1748,0,0,0,0,6.8925,7.583,0,0,0,9.6705,0,0,7.5533,0,7.752,0,0,7.02,7.8376,6.7454,9.0862,0,10.728,0,5.1261,0,0,0,0,0,2.0796,9.0272,0,7.9726,9.3394,0,0
0,0,0,0,0,0,0,0,0,0,0,0,6.2985,7.5595,8.7623,0,0,0,0,0,0,0,8.8314,0,0,0,0,4.0646,0,9.2305,0,0,0,0,0,0,0,0,0,0,0,0,0,0,0,6.1762,6.7058,5.9783,0,0,0,0,6.2819,0,0,0,0,0,0,0,6.7354,5.2011,8.4807,9.5946,0,8.9519,0,0,0,6.6299,0,9.6705,0,0,0,8.0912,2.3713,8.9865,0,0,0,7.5741,0,4.714,6.7394,9.2727,0,0.87438,0,0,0,0,0,0,0,0,6.7501,9.5362,0,0
0,0,0,0,0,0,0,0,0,0,0,0,0,0,0,0,0,0,0,0,0,0,0,0,0,0,0,0,0,0,0,0,0,0,0,0,0,0,0,0,0,0,0,0,0,0,0,0,0,0,0,0,5.0252,0,0,0,0,0,8.1836,0,0,0,0,0,0,0,9.1394,0,0,0,0,0,0,0,8.664,5.6738,0,0,0,0,8.5818,6.7688,0,6.5462,0,0,0,0,0,9.7322,8.8586,0,9.9027,5.1243,6.482,0,0,0,0,0
0,0,0,0,0,0,0,0,0,0,0,4.002,0,0,6.8259,0,0,0,0,0,6.0343,0,0,0,0,0,0,0,0,0,0,0,0,0,0,0,2.2794,0,0,0,0,0,0,0,0,0,0,0,0,0,0,0,0,0,0,0,0,0,9.4453,9.2615,9.5975,7.045,0,0,0,0,0,9.1628,7.6774,0,0,0,0,8.664,0,8.6379,0,0,0,0,9.3283,0,6.0985,0,0,0,0,0,0,6.4392,0,5.8221,8.306,6.994,0,0,0,0,0,0
0,0,0,0,0,0,0,0,0,0,0,0,0,0,0,0,0,0,0,0,0,0,0,0,0,0,4.0495,0,0,0,2.6805,0,0,0,0,0,2.5885,0,0,0,0,0,0,2.0658,0,5.879,0,0,0,0,5.3881,7.5766,7.242,9.1368,0,4.5653,7.6822,8.1527,9.0249,9.3848,9.6744,6.3042,0,8.5935,8.3267,7.5999,6.7797,6.1492,6.6075,7.819,7.2723,7.5533,8.0912,5.6738,8.6379,0,0,7.5677,8.2626,9.4429,7.0722,6.6393,7.0155,5.6497,7.0852,6.3783,0,6.3808,0,6.0735,7.9995,9.9252,6.5434,9.9099,10.041,0,8.9195,8.4155,4.262,4.3355
0,0,0,0,0,0,0,0,0,0,0,0,0,0,8.1138,0,0,0,0,6.5046,6.0565,0,0,0,0,0,0,0,6.841,3.3619,0,0,0,0,0,0,6.5329,0,0,0,0,0,0,0,0,0,0,0,0,0,0,0,0,0,0,0,0,0,0,0,0,0,0,0,0,9.9823,0,0,0,4.2101,8.922,0,2.3713,0,0,0,0,9.2708,0,0,0,0,0,0,4.7076,0,9.3318,8.1214,8.3747,0,0,0,0,0,0,6.5921,6.7428,0,0,7.0289
0,0,0,0,0,0,0,0,0,0,0,5.1834,5.8374,6.809,9.6781,0,0,0,0,0,0,6.3538,0,0,4.8366,5.7905,0,9.2125,0,11.319,0,0,0,0,0,0,4.3402,0,0,0,0,0,0,4.5739,0,8.7199,7.1492,6.74,0,0,0,0,0,0,0,0,0,0,0,0,5.9637,0,0,5.6205,4.2214,9.8623,0,0,0,5.4889,8.0907,7.752,8.9865,0,0,7.5677,9.2708,0,5.4757,0,0,0,4.512,0,0,0,7.0493,10.276,7.8881,0,0,0,0,0,0,7.2274,8.5993,7.0207,0,7.6696
0,0,0,0,0,0,0,0,0,0,0,0,0,0,0,0,0,0,0,0,0,0,0,0,1.081,0,0,4.0579,0,0,9.3053,0,0,0,4.8468,0,0,0,0,0,0,4.6971,5.9863,8.8054,9.0832,0,0,0,0,0,4.575,0,5.0651,0,0,4.246,0,0,0,0,0,0,0,0,0,0,0,0,0,0,0,0,0,0,0,8.2626,0,5.4757,0,7.8244,0,0,9.9706,0,0,0,5.5384,7.476,5.038,0,6.8571,6.6276,0,10.472,6.2994,10.972,7.0524,0,5.9786,6.6435
0,0,0,0,0,0,0,5.3713,0,0,0,0,0,0,0,0,0,0,0,0,0,0,0,0,0,0,0,0,0,0,2.834,6.3067,0,0,0,0,0,0,0,0,0,0,0,0,0,0,0,0,0,0,10.385,8.6471,9.3607,8.1658,7.3814,7.2213,7.6719,7.2839,0,0,0,0,0,0,0,0,7.6358,0,0,0,0,0,0,0,0,9.4429,0,0,7.8244,0,0,6.6736,0,7.0036,6.8057,0,2.7404,0,6.5431,0,10.427,9.6495,6.6229,7.816,0,5.1236,0,0,6.2056,5.5575
0,0,0,0,0,0,0,0,0,0,0,0,0,0,0,0,0,0,3.6036,0,0,0,0,0,0,0,0,0,0,0,0,0,0,4.6532,0,0,0,0,0,0,0,0,0,0,0,0,0,0,0,0,0,0,0,0,0,0,0,0,5.3562,4.8622,5.4744,0,0,0,0,0,6.1847,7.3423,9.5373,0,6.2745,7.02,0,8.5818,9.3283,7.0722,0,0,0,0,0,8.9073,0,0,0,0,0,0,0,9.4297,7.6312,0,7.4747,5.4117,7.5003,0,0,0,0,0
0,0,0,0,0,0,0,0,0,0,0,0,0,0,0,0,0,0,0,0,0,0,0,0,0,0,0,0,0,0,0,0,0,0,0,0,1.9127,0,0,0,0,0,0,0,0,0,0,0,0,0,6.1888,0,7.9979,0,0,0,0,0,7.5919,4.102,0,0,0,6.706,0,0,9.305,0,9.4898,10.271,0,7.8376,7.5741,6.7688,0,6.6393,0,0,0,6.6736,8.9073,0,0,8.156,0,9.0598,0,0,0,9.3739,7.9358,0,6.8468,0,6.7349,0,0,0,3.9221,0
0,0,0,0,0,0,0,0,0,0,0,0,0,0,0,0,0,0,0,0,0,0,0,0,0,0,0,0,0,0,7.1454,0,0,0,0,0,0,0,0,0,0,0,6.7657,8.1901,9.5755,8.1373,0,0,0,0,0,0,7.2352,6.3,0,0,5.0605,0,0,0,0,0,0,0,0,0,7.0238,0,0,0,0,6.7454,0,0,6.0985,7.0155,0,4.512,9.9706,0,0,0,0,9.3881,9.3789,7.389,0,0,0,0,8.1967,0,0,9.4345,8.7749,7.3589,8.7362,6.9669,0,0
0,0,0,0,0,0,0,0,0,0,0,0,0,0,0,0,0,0,0,0,0,0,0,0,0,0,7.3425,0,0,0,0,0,0,0,7.113,0,0,0,0,0,0,0,5.3634,0,6.0093,0,4.617,0,0,0,0,0,7.0232,0,0,0,0,0,0,0,0,0,0,0,0,0,7.4907,0,0,0,0,9.0862,4.714,6.5462,0,5.6497,0,0,0,7.0036,0,8.156,9.3881,0,9.5665,9.4905,0,0,0,7.8187,8.6103,0,0,0,9.4034,0,8.0434,7.1824,0,0
0,0,0,0,0,0,0,0,0,0,0,0,0,0,0,0,0,0,0,0,0,0,0,0,0,0,8.4909,5.0819,0,0,0,0,0,0,7.8821,0,0,0,0,0,0,0,5.955,0,6.7086,9.0748,6.3561,6.9186,0,0,5.5191,0,0,0,0,0,5.4761,0,0,0,0,0,0,5.8902,0,0,6.7149,0,0,0,0,0,6.7394,0,0,7.0852,4.7076,0,0,6.8057,0,0,9.3789,9.5665,0,9.2796,0,0,0,0,7.0831,0,0,4.705,7.5282,0,9.2828,9.9569,0,0
0,0,0,0,0,0,0,0,0,0,0,0,0,0,0,0,0,0,0,0,0,0,7.8062,0,0,0,7.0359,6.1924,0,7.8814,0,0,0,0,7.5964,0,0,0,0,0,0,0,0,0,0,8.7234,8.7712,8.2794,0,0,0,0,8.0587,0,0,0,0,0,0,0,0,5.0866,6.6969,7.401,0,0,7.9561,0,7.7327,6.8669,0,10.728,9.2727,0,0,6.3783,0,0,0,0,0,9.0598,7.389,9.4905,9.2796,0,0,3.7931,0,0,8.3671,0,0,0,7.8875,0,6.5986,9.8055,0,0
0,0,0,0,0,0,0,0,4.5646,3.3514,0,0,0,0,8.2033,0,0,2.2994,0,6.8276,4.5685,0,0,0,2.1586,0,0,4.5999,6.5866,0,0,0,0,0,0,4.8633,8.8236,0,0,0,0,0,0,0,0,0,0,0,3.9602,6.9614,4.5981,0,0,0,0,5.7081,0,0,5.5473,0,0,0,0,0,0,9.6464,0,0,0,0,7.3009,0,0,0,0,0,9.3318,7.0493,5.5384,2.7404,0,0,0,0,0,0,0,7.9173,8.6519,0,0,0,0,0,0,6.7129,5.4756,0,8.8546,9.611
0,0,0,0,0,0,0,0,0,0,0,1.9559,0,0,6.7445,0,0,0,0,0,0,0,4.1958,0,3.5333,4.8232,5.4239,9.9205,0,8.1832,5.0102,0,0,0,4.4349,0,5.2798,0,0,0,0,0,0,6.4572,5.7894,9.8263,0,6.2509,0,0,0,0,0,0,0,6.2783,0,0,0,0,0,0,0,0,0,8.5527,0,0,0,0,6.204,5.1261,0.87438,0,0,6.3808,8.1214,10.276,7.476,0,0,0,0,0,0,3.7931,7.9173,0,8.0276,0,0,0,0,0,0,9.6498,10.075,3.1519,7.9582,9.0975
0,0,0,0,0,0,0,6.2651,6.6328,0,0,0,0,0,0,0,0,0,0,8.5388,0,0,0,0,0,0,0,0,5.8149,0,0,0,0,0,0,7.2527,6.9338,0,0,0,0,0,0,0,0,0,0,0,5.067,0,0,0,0,0,0,8.3776,0,8.8379,0,0,0,0,0,0,0,5.4558,0,0,0,8.6188,8.7681,0,0,0,0,0,8.3747,7.8881,5.038,6.5431,0,0,0,0,0,0,8.6519,8.0276,0,0,0,0,0,0,0,6.7845,0,0,9.4633,9.6902
0,0,0,0,0,0,0,0,0,0,0,0,0,0,0,0,0,0,0,0,0,0,0,0,0,0,0,0,0,0,0,0,0,0,0,0,0,0,0,0,0,0,0,0,0,0,0,0,0,0,0,0,6.8255,0,0,0,0,0,0,3.4521,0,0,4.4099,0,0,0,9.6343,0,0,5.7669,0,0,0,9.7322,6.4392,6.0735,0,0,0,0,9.4297,9.3739,0,7.8187,0,0,0,0,0,0,8.8817,0,8.0269,0,0,0,0,0,0,0
0,0,0,0,0,0,0,0,0,0,0,0,0,0,0,0,0,0,0,5.843,0,0,0,0,0,0,0,0,0,0,0,0,0,0,0,0,0,0,0,0,0,0,0,0,0,0,0,0,0,0,6.6127,5.7102,9.0185,6.8686,0,0,6.5705,0,5.6809,0,0,0,0,0,0,0,8.9168,0,0,0,0,0,0,8.8586,0,7.9995,0,0,6.8571,10.427,7.6312,7.9358,8.1967,8.6103,7.0831,8.3671,0,0,0,8.8817,0,9.2124,9.7515,7.2405,7.9822,0,0,0,0,3.9285
0,0,0,0,0,0,0,0,0,0,0,0,0,0,0,0,0,0,0,0,0,0,0,0,0,0,0,0,0,0,0,0,0,0,0,0,0,0,0,0,0,0,0,0,0,0,0,0,0,0,5.2689,0,7.7461,8.2135,5.8221,0,7.7608,7.7924,9.5234,0,0,0,0,0,0,0,7.6879,0,0,0,0,0,0,0,5.8221,9.9252,0,0,6.6276,9.6495,0,0,0,0,0,0,0,0,0,0,9.2124,0,9.6467,6.9765,0,2.5928,0,0,0,0
0,0,0,0,0,0,0,0,0,0,0,0,0,0,0,0,0,0,0,0,0,0,0,0,0,0,0,0,0,0,0,0,0,0,0,0,0,0,0,0,0,0,0,0,0,0,0,0,0,0,0,0,0,0,0,0,6.6341,0,9.2944,0,0,0,0,0,0,0,7.7187,0,0,0,0,0,0,9.9027,8.306,6.5434,0,0,0,6.6229,7.4747,6.8468,0,0,0,0,0,0,0,8.0269,9.7515,9.6467,0,6.7657,7.3163,0,0,0,0,0
0,0,0,0,0,0,0,0,0,0,0,0,0,0,0,0,0,0,0,0,0,0,0,0,0,0,0,0,0,0,4.8276,0,0,0,0,0,0,0,0,0,0,0,0,4.629,0,1.3298,0,0,0,0,0,0,5.3966,6.5881,0,0,0,0,7.172,3.7589,0,0,0,0,0,0,0,0,0,0,0,2.0796,0,5.1243,6.994,9.9099,0,0,10.472,7.816,5.4117,0,9.4345,0,4.705,0,0,0,0,0,7.2405,6.9765,6.7657,0,9.522,6.914,5.7873,0,0,0
0,0,0,0,0,0,0,0,0,0,0,0,0,0,0,0,0,0,0,0,0,0,0,0,0,0,5.9763,3.0156,0,0,0,0,0,0,6.1323,0,0,0,0,0,0,0,4.8662,0,4.6881,6.2788,4.6633,4.9006,0,0,2.8949,0,0,0,0,0,0,0,7.231,0,0,0,0,0,0,0,0,0,0,0,0,9.0272,0,6.482,0,10.041,0,0,6.2994,0,7.5003,6.7349,8.7749,9.4034,7.5282,7.8875,0,0,0,0,7.9822,0,7.3163,9.522,0,5.6298,8.3718,8.2152,0,0
0,0,0,0,0,0,0,0,0,0,0,0,0,0,0,0,0,0,0,0,0,0,0,0,0,0,5.638,6.1641,0,0,9.1739,0,0,0,5.6821,0,0,0,0,0,0,4.8281,5.9522,10.289,10.002,9.3937,0,0,0,4.3682,0,0,0,0,0,5.6145,0,0,0,0,0,0,0,0,0,4.2861,0,0,0,0,0,0,0,0,0,0,6.5921,7.2274,10.972,5.1236,0,0,7.3589,0,0,0,6.7129,9.6498,6.7845,0,0,2.5928,0,6.914,5.6298,0,9.5185,3.8737,7.3851,8.1569
0,0,0,0,0,0,0,0,0,0,0,0,0,0,0,0,0,0,0,0,0,5.7607,6.6128,0,0,0,9.1457,9.5496,0,8.7205,0,0,0,0,8.356,0,0,0,0,0,0,3.89,6.6538,8.3614,8.7582,11.513,8.2311,8.3419,0,0,6.2442,0,0,0,0,5.7883,0,0,0,0,0,0,0,0,0,0,5.3877,0,0,0,6.5054,7.9726,6.7501,0,0,8.9195,6.7428,8.5993,7.0524,0,0,0,8.7362,8.0434,9.2828,6.5986,5.4756,10.075,0,0,0,0,0,5.7873,8.3718,9.5185,0,9.9289,7.1854,7.5383
0,0,0,0,0,0,0,0,0,0,0,0,0,0,0,0,0,0,0,0,0,5.8231,7.1778,0,0,4.5696,7.2593,6.544,0,7.8438,0,0,0,0,6.8145,0,0,0,0,0,0,0,0,0,0,9.0862,8.1762,8.2304,0,0,0,0,6.5418,0,0,0,0,0,0,0,0,0,3.9626,7.6035,0,0,0,0,5.0774,6.3799,0,9.3394,9.5362,0,0,8.4155,0,7.0207,0,0,0,0,6.9669,7.1824,9.9569,9.8055,0,3.1519,0,0,0,0,0,0,8.2152,3.8737,9.9289,0,0,0
0,1.3728,0,0,3.9687,5.0328,0,5.3625,6.6988,0,0,0,0,0,0,0,0,3.3847,0,0,0,0,0,0,0,0,0,0,0,0,0,0,0,0,0,4.7423,5.0308,0,0,0,0,0,0,0,0,0,0,0,6.2097,3.682,7.63,4.7208,0,0,5.6676,9.4892,0,8.668,0,0,0,0,0,0,0,0,0,0,0,0,0,0,0,0,0,4.262,0,0,5.9786,6.2056,0,3.9221,0,0,0,0,8.8546,7.9582,9.4633,0,0,0,0,0,0,7.3851,7.1854,0,0,9.144
0,0,0,0,0,0,0,0,0,0,0,0,0,0,4.09,0,0,0,0,5.7113,0,0,0,0,0,0,0,0,0,0,0,0,0,0,0,4.6422,6.1499,0,0,0,0,0,0,0,0,0,0,0,0,5.6509,6.2351,0,0,0,0,6.191,0,5.6148,4.5289,0,0,0,0,0,0,0,0,0,0,0,0,0,0,0,0,4.3355,7.0289,7.6696,6.6435,5.5575,0,0,0,0,0,0,9.611,9.0975,9.6902,0,3.9285,0,0,0,0,8.1569,7.5383,0,9.144,0
