0,0,0,0,0,0,9.267,5.6033,0,0,1.5898,0,0,10.09,0,0,0,0,0,0,0,0,4.4449,0,0,0,0,0,9.6444,8.5565,0,0,0,0,0,0,0,0,0,0,0,0,0,0,0,0,0,0,0,0,0,0,0,0,0,0,0,0,0,0,0,0,0,0,0,0,0,0,0,0,0,0,0,0,0,0,0,0,0,0,0,0
0,0,2.7537,0,3.5169,0,0,0,7.2434,0,6.6957,0,7.7805,0,4.8882,5.3497,0,0,0,0,0,8.9264,0,8.6953,8.8435,5.2346,10.272,0,0,0,0,0,0,5.5846,0,8.4377,0,0,0,0,0,0,0,0,1.8248,0,0,0,0,0,0,0,0,0,0,5.1578,0,0,3.9101,2.9058,8.464,0,0,0,0,0,0,0,8.044,0,6.7295,0,0,6.5356,7.3017,0,0,4.1055,0,3.18,0,6.0175
0,2.7537,0,0,0,0,9.3537,8.982,0,0,0,0,0,8.4538,0,0,10.383,0,0,0,8.059,1.9924,11.09,0,0,10.448,11.119,7.9417,0,7.2214,0,3.7144,0,0,0,0,9.6436,0,0,0,0,0,0,0,0,0,0,0,0,0,6.3852,0,0,0,0,0,7.553,0,0,7.7916,9.5218,0,0,0,0,0,0,2.6145,0,0,9.9252,0,5.5421,7.6972,6.5607,0,0,5.8463,0,0,0,5.0311
0,0,0,0,0,6.1808,0,0,8.2013,9.6017,4.0025,9.6463,0,0,6.6586,0,0,0,0,11.193,0,0,0,9.6091,0,3.3375,0,10.139,0,0,0,0,0,6.2556,0,0,0,7.8779,0,0,0,0,6.1538,7.2436,0,6.285,0,0,0,0,0,0,0,6.7107,0,0,0,0,0,0,0,8.3795,0,0,0,0,0,0,0,4.4173,0,6.5733,0,6.3458,6.7466,0,0,0,4.6592,0,0,0
0,3.5169,0,0,0,8.7237,0,5.1005,6.341,4.0546,0,5.8493,0,0,8.7476,0,0,0,0,3.7744,0,0,0,6.1349,0,0,0,0,5.602,0,0,8.6951,0,8.6884,0,0,0,0,3.2795,0,0,0,0,0,0,0,0,0,2.5752,0,0,0,0,0,0,0,0,0,0,0,0,0,0,0,0,0,0,0,0,8.9073,0,10.141,3.448,4.8448,6.6231,0,0,0,0,0,0,0
0,0,0,6.1808,8.7237,0,9.3508,10.609,6.2033,10.823,0,10.375,0,7.2843,9.4942,0,5.9041,4.6718,0,6.1762,0,0,0,0,0,8.0602,0,8.7506,6.9303,0,0,8.3909,0,6.9595,0,0,0,4.7797,0,0,0,0,3.9561,5.8449,0,5.4068,0,0,0,0,0,0,0,0,0,0,0,0,0,0,0,7.0351,0,0,0,0,0,0,0,7.7647,0,9.0626,0,6.101,8.3837,0,0,0,4.8397,4.3862,0,6.074
9.267,0,9.3537,0,0,9.3508,0,9.742,5.4267,10.665,0,0,0,10.84,5.6255,0,6.9175,0,0,0,8.0334,0,8.3548,0,0,8.8858,6.8862,11.84,9.2025,10.335,0,0,0,7.3156,0,0,0,0,0,0,0,0,3.6779,0,0,0,0,0,0,0,0,0,0,0,0,0,0,5.6692,0,0,0,7.0747,0,0,0,0,0,0,0,0,4.9375,4.9792,0,7.8652,0,0,0,0,0,0,0,0
5.6033,0,8.982,0,5.1005,10.609,9.742,0,0,9.4671,0,8.0313,4.9583,10.741,6.0179,0,8.517,0,8.013,5.4838,0,0,7.5346,0,0,9.3594,0,0,0,7.5062,0,8.4702,0,7.0092,0,0,0,0,0,0,0,7.1795,0,0,0,0,0,0,0,0,0,0,0,0,0,0,0,6.1057,0,0,0,7.5036,3.9925,0,0,3.3458,0,0,3.1889,6.3571,5.2892,7.4562,0,5.3595,8.3404,0,0,0,0,0,6.2889,6.927
0,7.2434,0,8.2013,6.341,6.2033,5.4267,0,0,0,5.9407,8.8901,0,0,8.564,5.4096,3.1626,0,0,7.2255,0,9.3325,0,10.738,7.0006,0,8.7517,8.2219,0,0,0,0,0,5.5468,0,3.759,0,5.8415,0,0,4.5668,0,8.4462,0,0,5.6327,0,0,3.2129,5.793,0,0,0,5.0702,0,6.4307,0,7.7332,0,0,0,7.2438,0,4.0283,0,0,0,3.4669,5.9342,0,0,7.8272,5.5863,7.0321,8.1309,0,0,0,0,4.1282,0,6.6754
0,0,0,9.6017,4.0546,10.823,10.665,9.4671,0,0,6.0238,10.067,0,9.3682,5.7577,0,0,0,0,9.683,0,0,0,0,0,0,0,10.315,8.9342,0,0,5.7562,0,8.8679,0,0,0,0,0,0,0,5.9794,0,0,0,0,0,0,0,0,0,0,0,7.1626,0,0,0,0,0,0,0,8.5016,0,0,0,0,0,0,0,6.8032,2.9362,6.8479,6.0994,9.1273,8.9532,0,0,0,0,0,4.949,0
1.5898,6.6957,0,4.0025,0,0,0,0,5.9407,6.0238,0,6.744,10.234,6.7084,0,0,7.2769,9.91,8.9659,0,0,0,0,0,8.0665,9.145,6.7948,0,7.2221,4.3869,6.7501,5.8772,0,10.329,0,3.4097,0,0,0,0,0,0,0,0,7.2277,0,8.4619,0,0,0,0,0,0,0,0,0,0,0,5.4843,6.225,6.0762,0,0,0,7.0932,0,0,4.7513,8.7205,0,9.641,0,4.9409,9.5183,7.3866,6.1137,0,6.5131,0,0,5.1114,0
0,0,0,9.6463,5.8493,10.375,0,8.0313,8.8901,10.067,6.744,0,6.3239,7.8362,9.1807,0,0,0,0,10.444,0,0,0,8.9417,0,6.534,0,8.5482,7.3767,0,0,0,0,8.5846,0,0,0,6.309,0,4.7176,0,0,5.5362,0,0,7.1486,0,0,0,0,0,0,0,6.267,0,0,0,4.9851,0,0,0,6.3171,0,0,0,0,0,0,0,6.1538,3.4326,8.3134,0,8.7307,8.4827,0,0,0,0,0,0,0
0,7.7805,0,0,0,0,0,4.9583,0,0,10.234,6.3239,0,4.9297,0,0,0,4.6845,0,0,0,6.9536,0,7.3005,10.234,7.7909,9.4577,0,5.0923,0,9.018,6.5676,0,8.6946,0,4.9647,0,0,0,0,0,3.8639,0,0,7.9217,0,9.9334,3.0072,0,0,0,0,0,0,0,0,0,0,7.238,7.0005,8.3309,0,0,0,8.2818,3.3119,0,5.7009,9.1833,7.6783,8.2709,6.0816,7.5388,8.7249,8.0938,6.561,0,7.0581,0,4.4736,6.2129,4.5437
10.09,0,8.4538,0,0,7.2843,10.84,10.741,0,9.3682,6.7084,7.8362,4.9297,0,0,0,8.9845,6.9678,8.1585,5.3503,0,0,0,0,0,8.9253,0,7.5188,10.375,10.006,0,8.1437,0,8.4239,0,0,0,0,0,0,0,4.9399,0,0,0,0,0,0,0,0,0,0,0,0,0,0,0,0,0,0,0,6.6036,0,0,0,0,0,0,0,5.5643,4.4999,0,3.1258,6.6684,8.1986,0,0,0,0,0,5.0031,5.7976
0,4.8882,0,6.6586,8.7476,9.4942,5.6255,6.0179,8.564,5.7577,0,9.1807,0,0,0,0,0,0,0,6.1509,4.5562,0,4.3757,8.1718,4.1652,0,7.203,7.2913,0,0,0,0,4.3172,6.0079,0,0,0,0,0,0,0,0,0,0,0,0,0,0,3.4445,0,0,0,0,0,0,1.4973,0,0,0,0,0,0,0,0,0,0,0,0,0,5.1541,0,9.6236,0,6.7999,7.6474,0,0,0,0,0,0,0
0,5.3497,0,0,0,0,0,0,5.4096,0,0,0,0,0,0,0,0,0,0,0,9.6205,9.8484,9.9107,8.7731,0,0,9.8111,7.3735,0,0,0,0,0,0,0,0,0,0,0,0,0,0,2.7912,0,0,0,0,0,0,10.731,0,0,0,0,8.5248,8.1755,9.7396,7.326,0,0,8.7875,6.6476,0,0,0,0,0,0,0,0,5.7487,0,0,5.1121,7.0749,0,0,0,0,0,0,5.7022
0,0,10.383,0,0,5.9041,6.9175,8.517,3.1626,0,7.2769,0,0,8.9845,0,0,0,6.5424,9.8423,0,0,0,10.025,0,0,9.8447,10.127,5.4922,7.9724,7.8867,0,0,0,10.028,0,3.2337,6.7164,0,0,0,0,0,0,0,0,0,0,0,0,0,0,0,0,0,0,0,0,0,0,0,6.989,0,0,0,0,0,0,1.7898,0,0,10.462,0,3.6623,7.4962,0,0,0,0,0,0,0,4.2294
0,0,0,0,0,4.6718,0,0,0,0,9.91,0,4.6845,6.9678,0,0,6.5424,0,9.4403,3.4111,0,0,3.9241,0,5.1094,9.1804,5.2062,0,7.1371,5.0625,0,0,0,7.564,0,0,0,0,0,0,0,0,0,0,0,0,0,0,0,0,0,0,0,0,0,0,0,0,0,0,0,0,0,0,5.0136,0,0,0,0,0,9.0247,0,0,8.4052,7.0331,0,0,0,0,0,0,0
0,0,0,0,0,0,0,8.013,0,0,8.9659,0,0,8.1585,0,0,9.8423,9.4403,0,0,0,0,5.5832,0,3.4255,10.026,6.144,0,7.9668,6.0587,0,3.4489,0,9.8042,0,0,0,0,0,0,0,0,0,0,0,0,0,0,0,0,0,0,0,0,0,0,0,0,0,6.5523,6.1468,0,0,0,0,0,0,0,0,0,9.3781,0,0,9.1218,8.3305,0,0,0,0,0,0,0
0,0,0,11.193,3.7744,6.1762,0,5.4838,7.2255,9.683,0,10.444,0,5.3503,6.1509,0,0,3.4111,0,0,0,0,0,8.5299,0,0,0,8.9716,5.2651,0,0,0,0,6.3787,0,0,0,7.0206,0,0,0,0,5.1806,0,0,6.4803,0,0,0,0,0,0,0,6.7927,0,0,0,5.0106,0,0,0,7.3867,0,0,0,0,0,0,0,5.1595,0,6.8263,0,7.1104,7.6632,0,0,0,4.3917,0,0,0
0,0,8.059,0,0,0,8.0334,0,0,0,0,0,0,0,4.5562,9.6205,0,0,0,0,0,0,11.622,5.7374,0,0,0,10.207,6.2416,10.987,0,0,5.5034,10.354,0,0,0,0,0,0,0,0,0,0,0,0,0,0,0,8.609,0,0,0,0,9.5681,0,7.5236,7.3443,0,0,0,7.8251,5.8637,7.7279,0,0,0,0,0,5.1782,8.7874,7.4197,9.2641,10.669,9.1935,0,0,0,0,0,0,5.6433
0,8.9264,1.9924,0,0,0,0,0,9.3325,0,0,0,6.9536,0,0,9.8484,0,0,0,0,0,0,0,9.8477,7.3854,0,9.7558,4.9604,0,0,0,0,0,4.9671,0,5.9932,0,0,0,0,0,0,6.1031,0,0,0,3.6171,0,0,8.0009,0,0,0,0,0,8.2831,0,6.4454,0,0,7.7524,4.604,0,0,0,0,0,0,6.7079,0,0,0,0,5.8567,6.8748,0,0,2.6672,0,0,0,5.4128
4.4449,0,11.09,0,0,0,8.3548,7.5346,0,0,0,0,0,0,4.3757,9.9107,10.025,3.9241,5.5832,0,11.622,0,0,4.0054,0,9.0925,10.75,8.456,5.9119,9.0557,0,0,0,10.137,0,0,7.7998,0,0,0,0,0,0,0,0,0,0,0,0,9.5178,0,0,0,0,7.4899,5.021,10.277,0,0,0,9.0978,0,0,0,0,0,0,0,0,6.502,11.163,7.7208,10.454,10.364,9.6063,0,0,0,0,0,4.9029,4.9306
0,8.6953,0,9.6091,6.1349,0,0,0,10.738,0,0,8.9417,7.3005,0,8.1718,8.7731,0,0,0,8.5299,5.7374,9.8477,4.0054,0,7.8055,8.0225,9.9686,9.884,7.0559,0,0,0,0,6.6922,0,0,0,6.3045,0,0,0,0,7.515,5.8776,0,0,0,0,0,7.8507,0,0,0,0,7.7934,6.8764,0,9.9507,0,0,5.4327,9.5581,0,5.8158,0,0,0,0,6.6096,4.1322,5.9567,6.7842,6.1189,7.8914,8.4408,0,0,0,0,0,0,8.5115
0,8.8435,0,0,0,0,0,0,7.0006,0,8.0665,0,10.234,0,4.1652,0,0,5.1094,3.4255,0,0,7.3854,0,7.8055,0,0,9.8715,0,0,0,6.1339,0,0,6.2887,0,5.7641,0,0,0,0,0,0,0,0,5.1437,0,6.8407,0,0,0,0,0,0,0,0,0,0,0,6.9444,2.6025,7.329,0,0,0,4.0598,0,0,3.658,8.1745,0,6.5194,0,0,6.2695,0,5.0076,0,5.0844,0,0,3.9374,0
0,5.2346,10.448,3.3375,0,8.0602,8.8858,9.3594,0,0,9.145,6.534,7.7909,8.9253,0,0,9.8447,9.1804,10.026,0,0,0,9.0925,8.0225,0,0,10.74,6.9903,0,0,7.2214,0,0,8.6793,0,3.9099,7.9691,0,0,0,0,0,0,0,5.3523,0,8.0171,0,0,0,0,5.3206,6.882,0,0,0,4.1114,0,3.616,10.292,10.344,0,0,0,8.4333,0,0,0,5.7101,0,10.619,0,5.7729,9.9326,8.9401,0,0,6.8371,0,0,0,6.6739
0,10.272,11.119,0,0,0,6.8862,0,8.7517,0,6.7948,0,9.4577,0,7.203,9.8111,10.127,5.2062,6.144,0,0,9.7558,10.75,9.9686,9.8715,10.74,0,8.4823,0,0,8.0113,0,0,9.1687,0,8.9097,9.7775,0,0,0,0,0,0,0,4.8528,0,8.2748,0,0,8.9633,6.8871,0,5.8704,0,0,7.9051,9.2441,0,7.3611,10.019,12.615,0,0,0,8.0642,0,0,5.8493,4.6043,5.2876,9.3617,5.6336,9.5723,10.648,10.146,0,0,8.0333,0,6.3604,7.5467,9.3083
0,0,7.9417,10.139,0,8.7506,11.84,0,8.2219,10.315,0,8.5482,0,7.5188,7.2913,7.3735,5.4922,0,0,8.9716,10.207,4.9604,8.456,9.884,0,6.9903,8.4823,0,9.4398,10.905,0,4.2996,7.9759,9.1492,0,0,0,8.1665,0,0,6.8338,6.8068,6.8743,8.0248,0,6.5699,0,0,0,0,0,0,0,7.0081,8.0326,4.4468,0,9.2228,0,0,0,10.364,0,7.2606,0,0,0,0,0,6.6982,3.1807,7.547,8.3558,10.139,9.4384,0,3.8882,0,6.2152,0,6.6793,7.9492
9.6444,0,0,0,5.602,6.9303,9.2025,0,0,8.9342,7.2221,7.3767,5.0923,10.375,0,0,7.9724,7.1371,7.9668,5.2651,6.2416,0,5.9119,7.0559,0,0,0,9.4398,0,10.38,0,8.4978,9.9102,10.261,0,0,0,0,0,0,0,0,0,0,0,0,0,0,0,0,0,0,0,0,0,0,0,5.8435,0,0,0,0,0,0,0,0,0,0,0,5.2713,0,0,0,8.2568,7.8329,0,0,0,4.6187,0,0,0
8.5565,0,7.2214,0,0,0,10.335,7.5062,0,0,4.3869,0,0,10.006,0,0,7.8867,5.0625,6.0587,0,10.987,0,9.0557,0,0,0,0,10.905,10.38,0,0,0,8.7277,9.7232,0,0,0,0,0,0,0,0,0,0,0,0,0,0,0,0,0,0,0,0,7.3087,0,0,0,0,0,0,7.2803,0,0,0,0,0,0,0,0,0,0,0,8.1537,0,0,0,1.1475,0,0,0,6.0661
0,0,0,0,0,0,0,0,0,0,6.7501,0,9.018,0,0,0,0,0,0,0,0,0,0,0,6.1339,7.2214,8.0113,0,0,0,0,0,0,0,0,0,0,0,0,0,0,0,0,0,5.5318,0,8.8006,0,0,0,0,0,0,0,0,0,0,0,0,7.3704,8.4877,0,0,0,8.3157,0,0,0,4.6958,0,7.0336,0,0,6.097,0,0,0,4.7414,0,0,0,0
0,0,3.7144,0,8.6951,8.3909,0,8.4702,0,5.7562,5.8772,0,6.5676,8.1437,0,0,0,0,3.4489,0,0,0,0,0,0,0,0,4.2996,8.4978,0,0,0,0,9.9882,0,0,0,0,0,0,0,0,0,0,0,0,0,0,0,0,0,0,0,0,0,0,0,0,0,0,0,0,0,0,0,3.9153,0,3.3968,0,9.3898,0,7.3953,3.2457,5.8138,7.6986,0,0,0,0,0,4.1534,0
0,0,0,0,0,0,0,0,0,0,0,0,0,0,4.3172,0,0,0,0,0,5.5034,0,0,0,0,0,0,7.9759,9.9102,8.7277,0,0,0,9.0751,0,0,0,0,0,0,0,0,0,0,0,0,0,0,0,0,0,0,0,0,0,0,0,0,0,0,0,0,0,0,0,0,0,0,0,0,0,0,0,5.2536,4.0685,0,0,0,0,0,0,0
0,5.5846,0,6.2556,8.6884,6.9595,7.3156,7.0092,5.5468,8.8679,10.329,8.5846,8.6946,8.4239,6.0079,0,10.028,7.564,9.8042,6.3787,10.354,4.9671,10.137,6.6922,6.2887,8.6793,9.1687,9.1492,10.261,9.7232,0,9.9882,9.0751,0,0,2.9278,3.4124,0,0,0,0,0,2.8876,0,4.9931,0,5.2851,0,0,0,0,0,0,0,0,0,0,0,3.2858,0,6.3331,5.5816,0,0,2.5848,0,0,0,7.1665,7.733,7.5763,6.3508,5.4569,9.6705,7.0196,4.4718,0,4.3339,0,0,5.1409,0
0,0,0,0,0,0,0,0,0,0,0,0,0,0,0,0,0,0,0,0,0,0,0,0,0,0,0,0,0,0,0,0,0,0,0,0,0,0,0,0,9.4448,4.9099,0,0,0,0,1.2439,9.8214,0,0,0,0,0,0,0,0,0,0,0,0,0,0,9.4747,8.6162,0,0,0,0,0,0,0,0,0,0,0,0,0,0,0,0,0,0
0,8.4377,0,0,0,0,0,0,3.759,0,3.4097,0,4.9647,0,0,0,3.2337,0,0,0,0,5.9932,0,0,5.7641,3.9099,8.9097,0,0,0,0,0,0,2.9278,0,0,4.1355,0,0,0,0,0,7.6129,0,6.4474,0,6.8972,0,5.4585,0,6.3788,0,0,0,0,8.8889,0,8.9934,8.8522,5.1852,10.648,0,0,0,0,2.1785,0,5.3697,0,0,4.6521,0,0,5.7075,6.9059,7.7801,0,7.2479,0,4.9532,6.8977,8.0058
0,0,9.6436,0,0,0,0,0,0,0,0,0,0,0,0,0,6.7164,0,0,0,0,0,7.7998,0,0,7.9691,9.7775,0,0,0,0,0,0,3.4124,0,4.1355,0,0,0,0,9.5887,8.5707,0,0,0,0,0,0,0,0,10.244,0,5.5128,0,7.6328,0,10.882,0,0,10.416,11.157,8.4237,0,0,0,0,0,6.1839,0,0,5.8514,0,0.95928,4.9689,5.1293,0,0,9.7571,0,6.3994,7.5939,0
0,0,0,7.8779,0,4.7797,0,0,5.8415,0,0,6.309,0,0,0,0,0,0,0,7.0206,0,0,0,6.3045,0,0,0,8.1665,0,0,0,0,0,0,0,0,0,0,0,5.61,0,4.8651,7.8849,9.7471,0,9.8529,0,4.8213,6.6696,0,0,0,0,11.341,0,0,0,9.4697,0,0,0,10.203,0,0,0,0,0,5.8822,0,0,0,0,0,0,0,0,0,0,6.8079,3.873,6.01,0
0,0,0,0,3.2795,0,0,0,0,0,0,0,0,0,0,0,0,0,0,0,0,0,0,0,0,0,0,0,0,0,0,0,0,0,0,0,0,0,0,8.7737,0,6.6293,6.0198,0,0,5.2681,0,4.2053,8.6552,0,0,0,0,0,0,0,0,6.7532,3.0975,0,5.4609,5.6454,0,0,0,8.7391,0,8.6695,0,0.14292,0,0,0,0,3.6859,0,8.8506,0,10.184,0,0,6.6091
0,0,0,0,0,0,0,0,0,0,0,4.7176,0,0,0,0,0,0,0,0,0,0,0,0,0,0,0,0,0,0,0,0,0,0,0,0,0,5.61,8.7737,0,9.2855,10.61,6.1486,10.836,0,10.124,0,7.0783,9.4521,0,0,0,0,0,0,0,0,6.3316,0,7.2419,0,9.2984,6.6331,0,0,7.9746,0,7.1154,0,3.8092,0,4.1454,0,0,0,0,7.695,0,8.9021,4.7027,6.2319,7.9729
0,0,0,0,0,0,0,0,4.5668,0,0,0,0,0,0,0,0,0,0,0,0,0,0,0,0,0,0,6.8338,0,0,0,0,0,0,9.4448,0,9.5887,0,0,9.2855,0,10.107,0,10.437,0,0,2.1547,10.981,5.5812,0,8.1469,7.2478,8.1723,0,8.079,0,8.6006,0,0,9.6323,7.6514,11.707,9.524,10.685,0,0,0,8.0551,0,0,0,0,0,0,5.7066,0,0,4.687,5.7163,6.4344,8.0733,0
0,0,0,0,0,0,0,7.1795,0,5.9794,0,0,3.8639,4.9399,0,0,0,0,0,0,0,0,0,0,0,0,0,6.8068,0,0,0,0,0,0,4.9099,0,8.5707,4.8651,6.6293,10.61,10.107,0,4.7724,9.4633,0,7.8715,0,10.802,7.0385,0,0,6.2688,6.7692,0,0,0,0,0,0,0,0,7.1217,6.897,6.2276,0,8.5058,0,7.5985,0,0,0,0,4.1816,5.9527,0,0,6.876,0,7.8919,5.2943,6.7034,8.5197
0,0,0,6.1538,0,3.9561,3.6779,0,8.4462,0,0,5.5362,0,0,0,2.7912,0,0,0,5.1806,0,6.1031,0,7.515,0,0,0,6.8743,0,0,0,0,0,2.8876,0,7.6129,0,7.8849,6.0198,6.1486,0,4.7724,0,4.9185,5.8907,8.6392,5.9864,0,8.3869,0,0,0,0,6.7622,0,9.1522,0,10.771,6.8623,5.1263,8.5511,8.4373,0,0,0,3.4008,0,5.5973,0,0,0,4.5019,0,4.9783,6.6604,6.3155,0,5.4467,7.7176,5.6849,6.8113,8.0118
0,0,0,7.2436,0,5.8449,0,0,0,0,0,0,0,0,0,0,0,0,0,0,0,0,0,5.8776,0,0,0,8.0248,0,0,0,0,0,0,0,0,0,9.7471,0,10.836,10.437,9.4633,4.9185,0,6.4168,10.206,0,9.075,5.9987,0,0,5.0101,0,9.7025,0,0,0,0,0,6.311,0,10.506,9.0228,0,0,5.3537,0,9.1606,0,0,0,0,0,0,0,0,6.3034,0,7.496,6.7234,9.1512,8.6656
0,1.8248,0,0,0,0,0,0,0,0,7.2277,0,7.9217,0,0,0,0,0,0,0,0,0,0,0,5.1437,5.3523,4.8528,0,0,0,5.5318,0,0,4.9931,0,6.4474,0,0,0,0,0,0,5.8907,6.4168,0,6.4581,10.155,7.9896,4.2967,0,6.6425,10.104,8.6982,4.3474,0,5.2321,0,6.0511,8.2221,9.3475,6.1825,0,8.1266,0,8.0203,6.4771,0,10.564,5.5745,2.7821,5.373,0,0,4.074,0,8.4503,5.4981,8.9832,4.0698,5.7713,9.5131,6.9959
0,0,0,6.285,0,5.4068,0,0,5.6327,0,0,7.1486,0,0,0,0,0,0,0,6.4803,0,0,0,0,0,0,0,6.5699,0,0,0,0,0,0,0,0,0,9.8529,5.2681,10.124,0,7.8715,8.6392,10.206,6.4581,0,0,7.8235,8.9675,0,0,0,0,10.801,0,0,0,9.1944,0,0,0,9.0479,0,0,4.5971,5.7892,0,8.6607,0,0,0,4.7197,0,0,5.0711,0,5.1914,0,8.182,0,8.6648,7.1894
0,0,0,0,0,0,0,0,0,0,8.4619,0,9.9334,0,0,0,0,0,0,0,0,3.6171,0,0,6.8407,8.0171,8.2748,0,0,0,8.8006,0,0,5.2851,1.2439,6.8972,0,0,0,0,2.1547,0,5.9864,0,10.155,0,0,0,0,2.9836,0,5.7244,0,0,0,5.671,0,6.8101,10.123,0,9.5761,0,0,0,8.8458,4.3704,0,7.7938,6.0828,0,6.5476,0,0,4.537,0,8.7407,0,8.8102,4.3402,0,8.1586,5.2451
0,0,0,0,0,0,0,0,0,0,0,0,3.0072,0,0,0,0,0,0,0,0,0,0,0,0,0,0,0,0,0,0,0,0,0,9.8214,0,0,4.8213,4.2053,7.0783,10.981,10.802,0,9.075,7.9896,7.8235,0,0,5.6354,0,0,7.734,8.0696,5.3694,0,0,5.1839,0,0,9.3809,0,7.3504,10.207,9.5471,0,8.5019,0,8.5667,0,0,0,0,0,0,5.0989,2.8398,5.6784,0,6.5073,4.6659,7.4986,8.5955
0,0,0,0,2.5752,0,0,0,3.2129,0,0,0,0,0,3.4445,0,0,0,0,0,0,0,0,0,0,0,0,0,0,0,0,0,0,0,0,5.4585,0,6.6696,8.6552,9.4521,5.5812,7.0385,8.3869,5.9987,4.2967,8.9675,0,5.6354,0,0,0,0,0,6.093,0,0,0,8.3482,0,0,7.2681,7.5922,0,0,1.7508,6.2106,0,6.4384,0,0,0,0,0,0,4.1507,4.3187,5.1238,0,9.5954,5.4256,6.6879,7.3
0,0,0,0,0,0,0,0,5.793,0,0,0,0,0,0,10.731,0,0,0,0,8.609,8.0009,9.5178,7.8507,0,0,8.9633,0,0,0,0,0,0,0,0,0,0,0,0,0,0,0,0,0,0,0,2.9836,0,0,0,0,0,0,0,9.6327,10.304,9.8734,9.4017,0,0,9.8087,7.7404,0,0,0,0,0,0,0,0,0,0,0,0,5.8966,0,0.93213,5.8254,0,0,0,0
0,0,6.3852,0,0,0,0,0,0,0,0,0,0,0,0,0,0,0,0,0,0,0,0,0,0,0,6.8871,0,0,0,0,0,0,0,0,6.3788,10.244,0,0,0,8.1469,0,0,0,6.6425,0,0,0,0,0,0,6.9627,9.59,0,6.5208,0,9.9423,0,0,9.5802,10.073,7.3762,0,7.583,0,0,0,9.9781,0,0,3.2521,0,0,3.6803,0,0,0,10.288,0,0,6.7828,5.8473
0,0,0,0,0,0,0,0,0,0,0,0,0,0,0,0,0,0,0,0,0,0,0,0,0,5.3206,0,0,0,0,0,0,0,0,0,0,0,0,0,0,7.2478,6.2688,0,5.0101,10.104,0,5.7244,7.734,0,0,6.9627,0,9.3327,0,0,0,0,0,5.7017,9.2862,0,5.3076,7.0152,7.4517,3.6152,0,0,8.1818,0,0,0,0,0,0,0,1.7521,0,8.7973,0,0,8.3508,7.0502
0,0,0,0,0,0,0,0,0,0,0,0,0,0,0,0,0,0,0,0,0,0,0,0,0,6.882,5.8704,0,0,0,0,0,0,0,0,0,5.5128,0,0,0,8.1723,6.7692,0,0,8.6982,0,0,8.0696,0,0,9.59,9.3327,0,0,5.0807,0,6.1754,0,0,10.232,7.8679,0,7.2059,8.052,0,0,0,9.7749,0,0,0,0,0,0,0,0,0,9.5221,0,0,8.3974,7.8053
0,0,0,6.7107,0,0,0,0,5.0702,7.1626,0,6.267,0,0,0,0,0,0,0,6.7927,0,0,0,0,0,0,0,7.0081,0,0,0,0,0,0,0,0,0,11.341,0,0,0,0,6.7622,9.7025,4.3474,10.801,0,5.3694,6.093,0,0,0,0,0,0,0,0,8.1586,0,0,0,9.0851,0,0,0,0,0,6.439,0,0,0,0,0,0,4.5656,0,4.3557,0,6.8761,4.7773,7.1904,6.7747
0,0,0,0,0,0,0,0,0,0,0,0,0,0,0,8.5248,0,0,0,0,9.5681,0,7.4899,7.7934,0,0,0,8.0326,0,7.3087,0,0,0,0,0,0,7.6328,0,0,0,8.079,0,0,0,0,0,0,0,0,9.6327,6.5208,0,5.0807,0,0,5.6993,11.543,6.5453,0,0,0,10.465,0,10.742,0,0,0,10.42,0,0,0,0,0,0,5.9508,0,4.8242,8.5408,7.3969,9.2745,10.479,9.1679
0,5.1578,0,0,0,0,0,0,6.4307,0,0,0,0,0,1.4973,8.1755,0,0,0,0,0,8.2831,5.021,6.8764,0,0,7.9051,4.4468,0,0,0,0,0,0,0,8.8889,0,0,0,0,0,0,9.1522,0,5.2321,0,5.671,0,0,10.304,0,0,0,0,5.6993,0,6.1841,9.926,6.8281,0,9.7958,5.398,0,0,0,0,0,0,0,0,0,1.6313,0,3.4261,6.0324,0,0,5.727,4.1334,0,5.9962,7.2428
0,0,7.553,0,0,0,0,0,0,0,0,0,0,0,0,9.7396,0,0,0,0,7.5236,0,10.277,0,0,4.1114,9.2441,0,0,0,0,0,0,0,0,0,10.882,0,0,0,8.6006,0,0,0,0,0,0,5.1839,0,9.8734,9.9423,0,6.1754,0,11.543,6.1841,0,0,0,9.2752,10.752,9.0086,0,8.5971,0,0,0,9.995,0,0,5.2648,0,0,0,0,0,5.3101,11.039,7.4151,10.71,10.389,9.5101
0,0,0,0,0,0,5.6692,6.1057,7.7332,0,0,4.9851,0,0,0,7.326,0,0,0,5.0106,7.3443,6.4454,0,9.9507,0,0,0,9.2228,5.8435,0,0,0,0,0,0,8.9934,0,9.4697,6.7532,6.3316,0,0,10.771,0,6.0511,9.1944,6.8101,0,8.3482,9.4017,0,0,0,8.1586,6.5453,9.926,0,0,7.7901,7.1914,9.8171,10.343,5.5312,0,0,4.6156,0,5.9178,0,0,3.5601,5.0494,5.2402,5.827,8.336,6.8387,0,5.9325,7.6661,6.1466,7.3391,8.0689
0,3.9101,0,0,0,0,0,0,0,0,5.4843,0,7.238,0,0,0,0,0,0,0,0,0,0,0,6.9444,3.616,7.3611,0,0,0,0,0,0,3.2858,0,8.8522,0,0,3.0975,0,0,0,6.8623,0,8.2221,0,10.123,0,0,0,0,5.7017,0,0,0,6.8281,0,7.7901,0,0,9.9686,0,0,0,0,0,0,6.2885,0,0,4.5351,0,0,0,4.1251,8.8123,0,7.0528,0,2.1588,6.8277,0
0,2.9058,7.7916,0,0,0,0,0,0,0,6.225,0,7.0005,0,0,0,0,0,6.5523,0,0,0,0,0,2.6025,10.292,10.019,0,0,0,7.3704,0,0,0,0,5.1852,10.416,0,0,7.2419,9.6323,0,5.1263,6.311,9.3475,0,0,9.3809,0,0,9.5802,9.2862,10.232,0,0,0,9.2752,7.1914,0,0,10.713,7.5162,0,0,8.1525,0,0,8.2893,0,0,6.5988,0,0,5.3779,6.547,4.4771,1.9819,10.754,4.3093,6.732,9.9365,9.3945
0,8.464,9.5218,0,0,0,0,0,0,0,6.0762,0,8.3309,0,0,8.7875,6.989,0,6.1468,0,0,7.7524,9.0978,5.4327,7.329,10.344,12.615,0,0,0,8.4877,0,0,6.3331,0,10.648,11.157,0,5.4609,0,7.6514,0,8.5511,0,6.1825,0,9.5761,0,7.2681,9.8087,10.073,0,7.8679,0,0,9.7958,10.752,9.8171,9.9686,10.713,0,8.422,0,0,7.9537,0,0,8.9671,1.4291,0,8.4968,0,5.7709,8.4471,9.4762,4.7734,4.1617,9.0191,0,9.8921,10.397,9.8166
0,0,0,8.3795,0,7.0351,7.0747,7.5036,7.2438,8.5016,0,6.3171,0,6.6036,0,6.6476,0,0,0,7.3867,7.8251,4.604,0,9.5581,0,0,0,10.364,0,7.2803,0,0,0,5.5816,0,0,8.4237,10.203,5.6454,9.2984,11.707,7.1217,8.4373,10.506,0,9.0479,0,7.3504,7.5922,7.7404,7.3762,5.3076,0,9.0851,10.465,5.398,9.0086,10.343,0,7.5162,8.422,0,9.2936,10.427,0,0,7.2872,9.4398,0,0,0,5.8252,0,0,7.9561,0,6.2433,4.0062,8.0404,8.604,10.011,9.8197
0,0,0,0,0,0,0,3.9925,0,0,0,0,0,0,0,0,0,0,0,0,5.8637,0,0,0,0,0,0,0,0,0,0,0,0,0,9.4747,0,0,0,0,6.6331,9.524,6.897,0,9.0228,8.1266,0,0,10.207,0,0,0,7.0152,7.2059,0,0,0,0,5.5312,0,0,0,9.2936,0,9.6999,0,8.558,9.8606,10.305,0,0,0,0,0,0,0,0,0,0,5.591,0,8.3919,7.4781
0,0,0,0,0,0,0,0,4.0283,0,0,0,0,0,0,0,0,0,0,0,7.7279,0,0,5.8158,0,0,0,7.2606,0,0,0,0,0,0,8.6162,0,0,0,0,0,10.685,6.2276,0,0,0,0,0,9.5471,0,0,7.583,7.4517,8.052,0,10.742,0,8.5971,0,0,0,0,10.427,9.6999,0,0,0,8.2266,10.002,0,0,0,0,0,0,5.0918,0,0,0,0,0,7.5278,0
0,0,0,0,0,0,0,0,0,0,7.0932,0,8.2818,0,0,0,0,5.0136,0,0,0,0,0,0,4.0598,8.4333,8.0642,0,0,0,8.3157,0,0,2.5848,0,0,0,0,0,0,0,0,0,0,8.0203,4.5971,8.8458,0,1.7508,0,0,3.6152,0,0,0,0,0,0,0,8.1525,7.9537,0,0,0,0,0,0,6.159,3.936,0,0,0,0,0,0,5.5688,0,8.5345,0,3.4925,7.8988,4.835
0,0,0,0,0,0,0,3.3458,0,0,0,0,3.3119,0,0,0,0,0,0,0,0,0,0,0,0,0,0,0,0,0,0,3.9153,0,0,0,2.1785,0,0,8.7391,7.9746,0,8.5058,3.4008,5.3537,6.4771,5.7892,4.3704,8.5019,6.2106,0,0,0,0,0,0,0,0,4.6156,0,0,0,0,8.558,0,0,0,0,10.254,0,3.7687,0,0,0,4.1496,0,0,8.967,0,6.715,0,6.2209,7.0163
0,0,0,0,0,0,0,0,0,0,0,0,0,0,0,0,0,0,0,0,0,0,0,0,0,0,0,0,0,0,0,0,0,0,0,0,0,0,0,0,0,0,0,0,0,0,0,0,0,0,0,0,0,0,0,0,0,0,0,0,0,7.2872,9.8606,8.2266,0,0,0,8.9629,0,0,0,0,0,0,0,0,0,3.7587,0,0,0,4.0999
0,0,2.6145,0,0,0,0,0,3.4669,0,4.7513,0,5.7009,0,0,0,1.7898,0,0,0,0,0,0,0,3.658,0,5.8493,0,0,0,0,3.3968,0,0,0,5.3697,6.1839,5.8822,8.6695,7.1154,8.0551,7.5985,5.5973,9.1606,10.564,8.6607,7.7938,8.5667,6.4384,0,9.9781,8.1818,9.7749,6.439,10.42,0,9.995,5.9178,6.2885,8.2893,8.9671,9.4398,10.305,10.002,6.159,10.254,8.9629,0,3.5046,4.43,2.5613,3.9259,3.5617,5.1137,5.3975,7.7627,8.2753,7.696,6.7531,7.7535,9.9674,8.2506
0,8.044,0,0,0,0,0,3.1889,5.9342,0,8.7205,0,9.1833,0,0,0,0,0,0,0,0,6.7079,0,6.6096,8.1745,5.7101,4.6043,0,0,0,4.6958,0,0,7.1665,0,0,0,0,0,0,0,0,0,0,5.5745,0,6.0828,0,0,0,0,0,0,0,0,0,0,0,0,0,1.4291,0,0,0,3.936,0,0,3.5046,0,3.9629,8.0449,0,6.9634,9.112,7.5081,5.8388,0,5.5631,0,0,5.0719,0
0,0,0,4.4173,8.9073,7.7647,0,6.3571,0,6.8032,0,6.1538,7.6783,5.5643,5.1541,0,0,0,0,5.1595,5.1782,0,6.502,4.1322,0,0,5.2876,6.6982,5.2713,0,0,9.3898,0,7.733,0,0,0,0,0.14292,3.8092,0,0,0,0,2.7821,0,0,0,0,0,0,0,0,0,0,0,0,0,0,0,0,0,0,0,0,3.7687,0,4.43,3.9629,0,4.355,8.3658,8.9134,7.5028,8.0214,2.6929,4.177,0,3.865,4.804,4.9203,4.0749
0,6.7295,9.9252,0,0,0,4.9375,5.2892,0,2.9362,9.641,3.4326,8.2709,4.4999,0,5.7487,10.462,9.0247,9.3781,0,8.7874,0,11.163,5.9567,6.5194,10.619,9.3617,3.1807,0,0,7.0336,0,0,7.5763,0,4.6521,5.8514,0,0,0,0,0,0,0,5.373,0,6.5476,0,0,0,3.2521,0,0,0,0,0,5.2648,3.5601,4.5351,6.5988,8.4968,0,0,0,0,0,0,2.5613,8.0449,4.355,0,6.1257,10.405,11.608,11.618,5.0203,0,6.219,0,0,4.369,6.2981
0,0,0,6.5733,10.141,9.0626,4.9792,7.4562,7.8272,6.8479,0,8.3134,6.0816,0,9.6236,0,0,0,0,6.8263,7.4197,0,7.7208,6.7842,0,0,5.6336,7.547,0,0,0,7.3953,0,6.3508,0,0,0,0,0,4.1454,0,0,4.5019,0,0,4.7197,0,0,0,0,0,0,0,0,0,1.6313,0,5.0494,0,0,0,5.8252,0,0,0,0,0,3.9259,0,8.3658,6.1257,0,7.4791,6.6025,10.489,0,0,0,5.7118,0,5.2722,5.8196
0,0,5.5421,0,3.448,0,0,0,5.5863,6.0994,4.9409,0,7.5388,3.1258,0,0,3.6623,0,0,0,9.2641,0,10.454,6.1189,0,5.7729,9.5723,8.3558,0,0,0,3.2457,0,5.4569,0,0,0.95928,0,0,0,0,4.1816,0,0,0,0,0,0,0,0,0,0,0,0,0,0,0,5.2402,0,0,5.7709,0,0,0,0,0,0,3.5617,6.9634,8.9134,10.405,7.4791,0,10.929,9.1036,0,3.0376,2.3371,3.2526,5.2125,4.828,5.4769
0,6.5356,7.6972,6.3458,4.8448,6.101,7.8652,5.3595,7.0321,9.1273,9.5183,8.7307,8.7249,6.6684,6.7999,5.1121,7.4962,8.4052,9.1218,7.1104,10.669,5.8567,10.364,7.8914,6.2695,9.9326,10.648,10.139,8.2568,8.1537,6.097,5.8138,5.2536,9.6705,0,5.7075,4.9689,0,0,0,0,5.9527,4.9783,0,4.074,0,4.537,0,0,0,3.6803,0,0,0,0,3.4261,0,5.827,0,5.3779,8.4471,0,0,0,0,4.1496,0,5.1137,9.112,7.5028,11.608,6.6025,10.929,0,9.089,4.7198,4.4536,5.1811,5.3552,5.9084,7.048,7.027
0,7.3017,6.5607,6.7466,6.6231,8.3837,0,8.3404,8.1309,8.9532,7.3866,8.4827,8.0938,8.1986,7.6474,7.0749,0,7.0331,8.3305,7.6632,9.1935,6.8748,9.6063,8.4408,0,8.9401,10.146,9.4384,7.8329,0,0,7.6986,4.0685,7.0196,0,6.9059,5.1293,0,3.6859,0,5.7066,0,6.6604,0,0,5.0711,0,5.0989,4.1507,5.8966,0,0,0,4.5656,5.9508,6.0324,0,8.336,4.1251,6.547,9.4762,7.9561,0,5.0918,0,0,0,5.3975,7.5081,8.0214,11.618,10.489,9.1036,9.089,0,0,3.1619,5.7618,6.104,5.8705,6.878,8.9903
0,0,0,0,0,0,0,0,0,0,6.1137,0,6.561,0,0,0,0,0,0,0,0,0,0,0,5.0076,0,0,0,0,0,0,0,0,4.4718,0,7.7801,0,0,0,0,0,0,6.3155,0,8.4503,0,8.7407,2.8398,4.3187,0,0,1.7521,0,0,0,0,0,6.8387,8.8123,4.4771,4.7734,0,0,0,5.5688,0,0,7.7627,5.8388,2.6929,5.0203,0,0,4.7198,0,0,3.3483,8.036,3.6324,7.1082,9.2348,6.8195
0,0,0,0,0,0,0,0,0,0,0,0,0,0,0,0,0,0,0,0,0,0,0,0,0,0,0,3.8882,0,0,0,0,0,0,0,0,0,0,8.8506,7.695,0,6.876,0,6.3034,5.4981,5.1914,0,5.6784,5.1238,0.93213,0,0,0,4.3557,4.8242,0,5.3101,0,0,1.9819,4.1617,6.2433,0,0,0,8.967,0,8.2753,0,4.177,0,0,3.0376,4.4536,3.1619,3.3483,0,3.3792,8.279,8.9952,7.4258,7.9116
0,4.1055,5.8463,0,0,0,0,0,0,0,6.5131,0,7.0581,0,0,0,0,0,0,0,0,2.6672,0,0,5.0844,6.8371,8.0333,0,0,1.1475,4.7414,0,0,4.3339,0,7.2479,9.7571,0,0,0,4.687,0,5.4467,0,8.9832,0,8.8102,0,0,5.8254,10.288,8.7973,9.5221,0,8.5408,5.727,11.039,5.9325,7.0528,10.754,9.0191,4.0062,0,0,8.5345,0,3.7587,7.696,5.5631,0,6.219,0,2.3371,5.1811,5.7618,8.036,3.3792,0,5.6553,10.476,11.585,11.649
0,0,0,4.6592,0,4.8397,0,0,0,0,0,0,0,0,0,0,0,0,0,4.3917,0,0,0,0,0,0,0,6.2152,4.6187,0,0,0,0,0,0,0,0,6.8079,10.184,8.9021,5.7163,7.8919,7.7176,7.496,4.0698,8.182,4.3402,6.5073,9.5954,0,0,0,0,6.8761,7.3969,4.1334,7.4151,7.6661,0,4.3093,0,8.0404,5.591,0,0,6.715,0,6.7531,0,3.865,0,5.7118,3.2526,5.3552,6.104,3.6324,8.279,5.6553,0,8.2466,6.9405,10.325
0,3.18,0,0,0,4.3862,0,0,4.1282,0,0,0,4.4736,0,0,0,0,0,0,0,0,0,0,0,0,0,6.3604,0,0,0,0,0,0,0,0,4.9532,6.3994,3.873,0,4.7027,6.4344,5.2943,5.6849,6.7234,5.7713,0,0,4.6659,5.4256,0,0,0,0,4.7773,9.2745,0,10.71,6.1466,2.1588,6.732,9.8921,8.604,0,0,3.4925,0,0,7.7535,0,4.804,0,0,5.2125,5.9084,5.8705,7.1082,8.9952,10.476,8.2466,0,10.874,9.1656
0,0,0,0,0,0,0,6.2889,0,4.949,5.1114,0,6.2129,5.0031,0,0,0,0,0,0,0,0,4.9029,0,3.9374,0,7.5467,6.6793,0,0,0,4.1534,0,5.1409,0,6.8977,7.5939,6.01,0,6.2319,8.0733,6.7034,6.8113,9.1512,9.5131,8.6648,8.1586,7.4986,6.6879,0,6.7828,8.3508,8.3974,7.1904,10.479,5.9962,10.389,7.3391,6.8277,9.9365,10.397,10.011,8.3919,7.5278,7.8988,6.2209,0,9.9674,5.0719,4.9203,4.369,5.2722,4.828,7.048,6.878,9.2348,7.4258,11.585,6.9405,10.874,0,9.2003
0,6.0175,5.0311,0,0,6.074,0,6.927,6.6754,0,0,0,4.5437,5.7976,0,5.7022,4.2294,0,0,0,5.6433,5.4128,4.9306,8.5115,0,6.6739,9.3083,7.9492,0,6.0661,0,0,0,0,0,8.0058,0,0,6.6091,7.9729,0,8.5197,8.0118,8.6656,6.9959,7.1894,5.2451,8.5955,7.3,0,5.8473,7.0502,7.8053,6.7747,9.1679,7.2428,9.5101,8.0689,0,9.3945,9.8166,9.8197,7.4781,0,4.835,7.0163,4.0999,8.2506,0,4.0749,6.2981,5.8196,5.4769,7.027,8.9903,6.8195,7.9116,11.649,10.325,9.1656,9.2003,0
